SPOT	Gene Symbol	15m	30m	60m	90m	120m
5	YAL005C	-1.34015	-1.00564	-1.5011	1.40955	-0.41224
8	YAL009W	0.95165	0.66026	0.67175	0.379075	-0.215275
24	YAL025C	2.9121	2.246	2.46865	-0.73388	-0.67448
33	YAL034C	0.653875	1.08842	0.902325	-0.2215	-0.14354
39	YAL038W	0.6936	0.46106	0.124425	1.47424	1.3716
40	YAL039C	1.158925	1.22942	1.54305	-0.5051	0.48504
46	YAL044C	-0.926125	-2.04742	-2.2301	1.064325	2.34306
56	YAL056C-A	-0.666025	-0.7846	-0.456725	-0.29044	-0.23916
59	YAL059W	2.158475	2.27324	2.814225	-1.55642	-0.50596
60	YAL060W	-0.87445	-0.9397	-1.63345	1.0266	1.66626
61	YAL061W	0.3249	-0.1796	-0.397475	2.14112	1.9295
63	YAL063C	-1.46105	-1.5028	-1.34925	0.71524	1.37506
69	YAL068C	0.334925	0.99474	1.8139	-0.11102	-0.64054
79	YAR015W	-0.2748	-0.93062	-1.688425	-0.9681	1.42482
107	YAR071W	0.44065	0.45246	0.18195	1.3436	4.22532
116	YBL005W-A	-0.92155	-1.64598	-1.103475	-0.87806	-2.03208
118	YBL006C	0.61855	-0.002475	0.986275	0.40204	1.14374
122	YBL010C	-0.5036	-1.22844	-1.253125	1.26522	-0.46616
123	YBL011W	1.041525	1.00008	1.77325	0.27792	-0.08672
128	YBL016W	1.81585	1.2	0.564	0.63048	0.59154
129	YBL017C	1.592875	0.74054	1.07775	0.4061	0.65434
131	YBL019W	-0.92815	-0.51864	-0.928	-0.97768	-1.24176
140	YBL028C	1.537475	1.07648	2.4125	-1.1968	-0.5809
146	YBL034C	-0.743775	-0.76076	-0.540975	-0.3376	-0.67786
147	YBL035C	-0.9219	-1.35636	-1.9148	0.8113	-0.20758
150	YBL038W	3.14865	1.8595	2.078625	0.03678	0.7727
152	YBL040C	-1.2712	-1.94598	-2.096	-0.05008	0.57582
158	YBL046W	0.90425	0.2268	0.142425	0.4644	-0.37384
163	YBL051C	-1.446375	-1.21834	-0.64135	-0.66994	-0.6066
166	YBL054W	1.700075	1.71356	2.13135	-1.68024	-0.57252
174	YBL062W	1.0974	1.71718	0.80015	0.60092	0.09818
176	YBL064C	-0.9358	-0.83442	-1.5814	1.02162	0.28954
177	YBL065W	0.9382	1.85552	2.30655	0.79118	0.71828
193	YBL081W	2.560325	2.58456	2.6773	-0.12844	0.1563
204	YBL092W	-0.96565	-0.863675	-0.739625	-0.179375	-0.20156
205	YBL093C	2.2513	1.95944	1.60835	-0.70368	-0.05404
207	YBL095W	-1.58125	-1.25784	-1.683575	-0.31456	0.53108
210	YBL098W	-0.602875	-0.67748	-0.7277	0.08824	0.93512
214	YBL101W-A	-1.468275	-1.85608	-2.661675	-2.17138	-2.34926
216	YBL102W	-1.186475	-0.98362	-0.56875	0.36412	0.10238
217	YBL103C	0.336525	0.68356	1.248825	-0.0028	0.10664
228	YBR002C	1.0831	1.19048	0.82695	-0.39834	-0.40222
229	YBR003W	1.0357	1.413	0.997375	0.2465	0.00336
237	YBR011C	0.42155	-0.51916	-0.905033333	0.9229	1.55908
238	YBR012C	-0.220475	-0.38566	0.114475	-2.27144	-2.21418
254	YBR026C	-0.601725	-0.6271	-1.5518	1.09852	-0.18764
255	YBR027C	0.645525	1.398	1.89785	-0.3651	0.70384
256	YBR028C	0.2218	0.83382	1.375325	0.05472	0.20428
258	YBR030W	1.339	1.72292	1.4586	-0.1447	-0.19232
259	YBR031W	-0.48845	-0.8789	-1.19815	1.25456	0.80704
261	YBR033W	3.760033333	2.960825	3.12475	0.112475	-0.679233333
262	YBR034C	1.886675	2.48236	2.881775	-0.8455	-0.55952
263	YBR035C	-0.335075	-0.54438	-0.1137	1.83602	1.2373
271	YBR043C	1.412925	1.16782	1.7264	-0.4708	0.26806
276	YBR048W	-0.73105	-0.71456	-1.136725	-0.03742	0.24498
278	YBR050C	1.67615	1.60522	1.6889	-0.8408	0.59542
279	YBR051W	1.9673	0.83372	1.0202	0.21086	0.62282
280	YBR052C	0.26505	-0.55192	-0.57475	1.11616	1.09566
281	YBR053C	-0.64895	-1.30088	-2.491166667	1.38736	1.23034
282	YBR054W	-1.475675	-1.78202	-2.315125	0.36174	-0.18382
284	YBR056W	0.1713	-0.5779	-1.12615	1.15068	0.6646
285	YBR057C	1.527675	1.3199	0.854866667	0.31408	0.38584
289	YBR061C	0.193575	0.26848	0.2317	-0.52364	-0.88728
294	YBR066C	1.2751	0.5424	-0.1679	-0.74336	-0.0218
295	YBR067C	1.938875	2.5502	2.89075	-2.26884	-4.81368
297	YBR069C	1.390225	0.99796	0.368775	0.42918	0.18784
298	YBR070C	-0.26375	-1.13322	-1.4491	0.82844	0.1549
299	YBR071W	-1.264525	-1.08688	-0.6305	0.60212	-0.44566
300	YBR072W	-0.84155	-1.51136	-2.176725	1.1881	0.31068
301	YBR073W	0.719575	0.48644	0.629975	1.03014	0.84518
304	YBR077C	-0.1827	-0.5708	-1.062275	-0.011025	0.6658
310	YBR083W	-0.769275	-2.33844	-2.77155	1.46724	1.06062
316	YBR088C	-0.162875	-0.82866	-0.794875	1.86822	-0.10118
322	YBR093C	0.1274	0.21916	0.5772	1.11284	1.99764
325	YBR096W	-0.993275	-1.97426	-1.888675	0.31154	0.26924
332	YBR104W	1.16345	2.25248	2.913825	-0.69156	-0.47828
333	YBR105C	5.318975	3.99208	2.4792	-2.17406	0.3473
337	YBR109C	-0.4254	-0.66902	-0.622175	0.2697	-0.38002
339	YBR111C	-0.647275	-0.51794	-0.571425	1.65586	0.69296
350	YBR122C	1.17525	1.02764	1.486175	0.66844	0.24936
354	YBR126C	0.005575	-0.28444	-0.60665	1.50912	0.83874
355	YBR127C	-0.25065	-0.34606	-0.489275	0.90296	1.05864
369	YBR141C	1.863075	1.54754	1.02855	-0.68082	-0.2441
371	YBR143C	0.316325	0.59192	0.474375	0.44114	0.47908
374	YBR146W	1.369925	1.21498	0.796175	0.2705	-0.35586
375	YBR147W	0.575325	1.35114	1.78325	0.4944	0.98708
377	YBR149W	-0.4134	-0.71728	-0.977775	2.13145	1.04272
379	YBR151W	-0.754125	-0.68638	-0.6586	0.92766	-0.00012
382	YBR154C	1.267825	0.87152	0.858325	-0.847775	-0.41752
383	YBR155W	1.9583	1.27642	1.156975	-1.324675	-0.76196
384	YBR156C	-0.51655	-0.9186	-0.76865	-0.08645	0.05962
387	YBR159W	-0.376425	-0.45558	-0.772225	0.59244	0.55456
392	YBR163W	0.604025	0.862	1.41095	-0.00892	-0.4056
394	YBR165W	1.381675	1.05108	1.358575	0.22058	0.46936
395	YBR166C	0.8195	0.84028	0.556975	0.2763	0.11314
405	YBR176W	-1.146275	-0.36558	-0.135725	-0.08114	0.37028
425	YBR196C	-0.357975	-0.53152	-1.09835	1.245425	1.6848
440	YBR211C	0.55345	0.7293	1.164925	-0.26628	-0.06568
447	YBR218C	0.53755	0.74376	1.0388	0.91264	0.57358
462	YBR233W	0.863025	0.46122	0.367675	0.29824	-0.12632
464	YBR235W	0.741525	0.886925	0.788975	0.65608	0.25616
465	YBR236C	-0.53645	-0.73052	-1.16695	0.47402	0.37528
467	YBR238C	0.72055	1.0452	1.5366	-0.86962	-0.3822
473	YBR244W	-1.207725	-1.4685	-1.68185	0.83836	-0.77436
476	YBR247C	0.245975	0.80858	0.155425	-1.93386	-0.81686
478	YBR249C	1.120675	1.09998	1.918825	1.25254	0.38342
486	YBR257W	1.022825	0.05556	0.653075	-0.85034	-0.448
490	YBR261C	-0.5999	-0.71688	-0.871025	-0.54796	-0.59234
492	YBR263W	-0.2657	-0.681575	-0.525675	-0.22394	-0.31004
495	YBR266C	1.888975	1.73086	1.544825	-0.29862	0.40078
496	YBR267W	2.7896	2.42036	2.9417	-1.01668	-0.70952
498	YBR269C	-0.6542	-0.72448	-0.560275	-0.02978	0.03914
500	YBR271W	1.802375	1.24758	1.889675	-1.0159	-0.71832
507	YBR278W	-0.7042	-0.61652	-0.447275	0.19006	-0.27394
511	YBR282W	1.106075	0.709775	0.858325	0.05654	0.36358
522	YBR293W	0.746775	1.1798	1.43205	-0.66958	-0.20676
526	YBR297W	2.30735	2.1307	1.724775	-1.3871	0.06332
531	YBR302C	-0.094175	-0.13334	-0.554	1.00326	0.8175
540	YCL010C	0.416575	-0.048175	1.162825	0.93446	0.46536
548	YCL020W	-0.754975	-1.81174	-1.640175	-1.72026	-1.93462
550	YCL022C	-1.3316	-1.24228	-0.798775	2.39162	0.5812
555	YCL026C-A	1.234925	2.20542	3.27395	0.01956	0.45386
560	YCL031C	2.17655	1.89584	1.385125	0.01778	-0.66164
561	YCL032W	1.0498	1.07048	0.49605	0.79978	0.39436
562	YCL033C	-0.9883	-1.38358	-1.222825	0.92492	1.2269
564	YCL035C	-0.861825	-1.16078	-1.218825	1.5104	1.51268
568	YCL039W	1.1682	1.35866	1.3644	0.6519	0.38396
569	YCL040W	-0.231125	-0.2737	-1.290725	3.08014	2.38786
576	YCL047C	-0.9643	-0.974675	-0.8523	0.07965	0.02678
578	YCL049C	0.63715	0.77582	0.948325	1.17268	0.895
579	YCL050C	-1.449775	-1.32766	-1.539625	0.57248	-1.67362
582	YCL053C	3.4422	3.4386	3.0633	-0.6162	-0.075633333
583	YCL054W	2.280825	2.2672	2.626	0.05396	0.32082
584	YCL055W	1.56945	-0.12072	-0.81155	1.63458	1.7869
588	YCL059C	1.21865	0.96832	1.262725	-1.95325	-0.65314
589	YCL061C	-0.90355	-1.09666	-1.338425	0.64554	-0.46482
592	YCL064C	1.05675	0.4845	0.603325	-5.1868	-0.13952
613	YCR001W	2.27345	1.84526	0.947025	1.04785	0.58074
615	YCR003W	1.3412	0.83602	0.385275	-0.03835	0.60816
616	YCR004C	-0.8609	-0.92822	-1.07315	1.33114	1.43964
617	YCR005C	-0.605175	3.0921	0.91685	-0.69392	1.70146
621	YCR009C	-1.003725	-1.38524	-1.544175	1.04144	0.2815
623	YCR011C	-0.426025	-0.51562	-0.85435	0.60556	0.15338
628	YCR016W	1.94245	1.72604	1.2115	-1.1837	-0.94286
632	YCR020C	-1.457525	-1.25488	-0.537325	-0.5252	0.07618
633	YCR020C-A	-0.9121	-1.44734	-1.218975	1.07304	1.04128
642	YCR028C	-1.42545	-0.9077	-0.504025	0.7488	0.5789
648	YCR034W	-0.478925	-0.2363	-0.5665	-0.64678	0.02692
661	YCR047C	1.227925	1.77404	1.515225	-0.73054	0.06294
668	YCR054C	1.29715	1.03372	0.9663	-0.16518	-0.88172
670	YCR057C	1.245775	1.1699	1.527025	0.2232	-0.11798
671	YCR059C	-0.17245	-0.71148	-0.480725	0.46986	0.91408
682	YCR072C	1.955475	1.75668	1.721925	-1.1798	-0.29696
686	YCR075C	-0.756875	-0.93252	-1.079725	0.5313	0.69446
713	YCR103C	1.64365	1.97276	1.464175	0.16978	-0.52882
721	YCRX04W	2.832166667	2.4333	1.8234	-0.115333333	-0.302233333
729	YCRX12W	1.325633333	1.4599	1.0208	-0.208233333	0.073133333
738	YDL001W	0.2434	0.65888	0.355425	-0.6013	-0.47794
739	YDL002C	0.5956	1.18664	1.3508	-0.21144	0.10996
740	YDL003W	-1.436725	-1.4202	-1.807925	1.27348	-0.23272
750	YDL013W	1.815175	1.7012	1.497575	0.21918	0.3875
753	YDL016C	1.4695	1.49414	0.8664	0.23815	0.27332
754	YDL017W	1.31915	1.2286	0.851275	-0.3512	-0.78494
755	YDL018C	-1.6855	-2.78536	-2.7974	1.27596	0.26236
757	YDL020C	2.876275	2.63644	2.4562	0.44082	0.53686
759	YDL022W	0.552975	0.07386	-1.641925	1.69528	2.44338
761	YDL024C	0.01085	-0.16134	0.124875	0.56962	1.1893
766	YDL029W	-1.366	-1.43432	-2.0869	0.87454	0.607
768	YDL031W	1.546875	2.07064	2.333925	-0.73958	0.35858
776	YDL039C	4.5601	4.22868	3.590675	-2.31842	-1.5963
786	YDL049C	2.1846	3.47938	3.85995	-1.01462	0.04942
790	YDL053C	0.789525	0.50184	0.781475	1.02786	0.47698
792	YDL055C	-0.085125	-0.20926	-0.50195	1.737925	2.36618
797	YDL060W	1.028975	1.1314	1.29305	-0.93154	-0.58904
803	YDL066W	-1.316025	-1.01992	-0.649525	0.27066	-0.96794
825	YDL088C	-0.52355	0.11264	-0.0339	-0.7996	-0.52706
832	YDL095W	-1.0425	-0.5446	-1.238475	0.19026	0.03594
835	YDL098C	-0.305225	-0.0558	0.380975	-1.09858	-1.29058
837	YDL100C	-0.467425	-1.0992	-0.566075	1.07176	-0.59894
843	YDL106C	-1.477275	-0.89475	-0.85535	-0.44948	-0.77456
848	YDL111C	1.762825	1.5309	1.464625	-0.8774	-0.15754
851	YDL114W	0.829525	1.1858	1.00485	-0.1303	-0.45538
857	YDL120W	-0.515775	-1.055775	-0.857	0.47808	0.05586
861	YDL124W	-2.256175	-2.33326	-2.7627	4.2479	0.38024
864	YDL127W	-0.551	-0.82336	-0.502375	1.26736	-0.39364
867	YDL130W	-0.726075	-1.42206	-1.010175	-0.88278	0.08936
872	YDL134C	1.852875	1.27194	1.244125	0.7205	0.06088
873	YDL135C	-0.743575	-1.3843	-1.491475	0.602775	-0.00726
875	YDL137W	-0.092625	-0.9648	-0.5186	0.939825	1.35666
885	YDL147W	0.719475	0.86126	0.95135	-0.66874	-1.2892
888	YDL150W	1.3669	2.42768	1.80965	-0.51844	-0.68326
889	YDL151C	1.844075	2.3302	1.894833333	0.35256	-0.55652
891	YDL153C	1.088225	1.3284	1.28425	-1.506475	-1.01386
892	YDL154W	-0.561925	-0.72378	-0.601375	0.33808	0.16998
897	YDL159W	-0.003625	0.23694	0.484575	-1.55708	-1.28944
903	YDL165W	-0.5207	-0.99884	-0.7604	-0.03998	-0.15616
911	YDL173W	-0.585275	-0.53588	-0.6841	-0.1901	0.36548
914	YDL176W	-0.539875	-0.1831	-0.10305	-0.64646	-0.99346
917	YDL179W	-1.285275	-0.87566	-1.19895	0.51918	-1.81974
920	YDL182W	0.46315	0.74774	1.5434	-0.56922	0.1809
921	YDL183C	1.713675	2.11106	2.5625	0.0291	-0.73202
931	YDL193W	-0.077175	-0.12185	-0.03265	-0.361575	-0.79656
935	YDL197C	-0.3489	-0.61662	-0.695625	0.87584	0.21012
937	YDL199C	0.57935	1.24632	2.31815	0.42952	-0.13478
939	YDL201W	0.89745	1.11802	1.165125	-0.58628	-0.56554
940	YDL202W	1.207725	0.5001	0.45475	-0.23788	-0.50756
943	YDL205C	1.9632	1.33504	1.379325	-0.10558	-0.69056
946	YDL208W	1.557075	1.13006	1.8884	-1.44658	-0.20748
947	YDL209C	2.4962	1.57878	0.985775	-0.33536	-0.47926
949	YDL211C	2.247375	1.2052	0.545325	1.19296	0.60764
951	YDL213C	2.086775	0.901175	1.21945	-1.031	-0.54902
954	YDL216C	-0.485175	-1.3002	-1.136175	0.29384	0.03476
955	YDL217C	1.052375	0.8447	0.98055	-0.12746	0.10576
957	YDL219W	-1.31215	-2.10866	-2.319975	0.2458	-0.1276
959	YDL221W	-1.007125	-0.58442	-1.593566667	1.3399	0.0798
963	YDL225W	1.1026	0.82716	0.716175	0.1801	-0.79172
964	YDL226C	-0.8715	-1.79008	-1.54385	-0.03222	-0.53842
968	YDL230W	0.539925	0.38614	-0.201325	0.66174	0.4084
979	YDL241W	-1.106125	-1.3665	-0.915875	-1.25204	-0.18648
986	YDL248W	-1.26045	-1.02244	-1.170725	0.52804	-0.57252
989	YDR003W	0.9002	1.2121	1.121325	0.44664	0.77952
990	YDR004W	0.3299	0.45904	0.284333333	-0.79526	-0.16808
992	YDR006C	1.707875	1.47072	1.09325	-0.64602	-0.42388
993	YDR007W	0.86085	1.48072	0.77665	0.85414	0.871625
999	YDR013W	1.7151	1.3767	1.187375	0.397525	-0.25254
1002	YDR016C	-1.33035	-1.19866	-1.096525	0.33788	0.46166
1005	YDR019C	-0.45225	-0.7376	-1.52225	0.41548	2.40058
1007	YDR021W	1.779625	1.661	1.57235	-1.27924	-0.84116
1009	YDR023W	-0.2441	-0.0017	-0.908375	1.271925	-1.30344
1011	YDR025W	-1.129225	-1.28068	-1.1757	-0.33344	-0.10088
1018	YDR032C	-0.612	-0.91494	-1.5225	1.17504	1.72508
1019	YDR033W	-2.145825	-1.80844	-2.170225	0.24326	-0.53366
1021	YDR035W	0.614025	2.1522	3.450975	1.1134	-0.10234
1024	YDR038C	0.81115	0.7106	0.9811	-0.74728	-0.68828
1028	YDR042C	3.738825	4.4712	4.830275	1.45734	0.63712
1030	YDR044W	0.97715	1.06724	1.237525	-1.35932	-1.33342
1035	YDR049W	0.195125	0.76105	1.07685	-0.1605	-0.3831
1041	YDR055W	-2.205275	-1.27218	-0.967875	1.69142	-0.87526
1043	YDR057W	0.32295	0.83314	0.868025	-0.74272	-0.76948
1046	YDR060W	1.79835	1.63282	1.97905	-1.2978	-0.9441
1051	YDR065W	-2.6112	-1.53882	-1.771525	0.09816	-0.66986
1052	YDR066C	-0.964225	-1.2032	-1.613925	-0.249675	-0.402
1054	YDR068W	-1.168975	-1.28216	-1.806375	0.45216	-0.04892
1061	YDR075W	3.21845	3.38452	2.78755	-0.52898	-0.69664
1067	YDR081C	1.492625	1.5517	1.7847	-0.0146	-0.29828
1070	YDR084C	-1.270875	-1.71946	-2.092875	0.41676	0.20434
1073	YDR087C	0.757375	1.11178	1.0738	-1.56406	-0.42182
1074	YDR088C	1.186225	1.14276	1.58885	0.03412	0.2774
1079	YDR093W	0.69415	1.03988	0.893475	0.92696	1.01856
1080	YDR094W	1.035325	1.36056	1.065875	1.1053	0.87752
1083	YDR097C	0.1842	-0.389	-0.4503	0.8558	0.20168
1084	YDR098C	-1.26155	-1.2628	-1.158375	-0.63388	-0.66842
1086	YDR100W	-0.689925	-1.03182	-1.45695	0.173875	0.30696
1087	YDR101C	1.89	2.01458	2.04705	-0.62058	-0.58494
1097	YDR111C	0.92365	1.50188	1.0954	0.85154	0.46616
1099	YDR113C	-0.31665	-0.76702	-0.7537	0.54812	-0.08608
1102	YDR116C	1.914725	1.89162	1.671025	0.17155	0.0518
1106	YDR120C	1.084475	1.18452	0.9821	-0.74934	-0.19042
1109	YDR123C	0.5781	1.12516	1.407325	-0.529575	-0.34942
1110	YDR124W	0.392225	1.49812	1.693875	-0.37748	-0.24036
1113	YDR127W	0.308025	0.94354	0.95145	0.96414	0.2029
1116	YDR130C	-1.6984	-1.6435	-1.59465	0.621025	0.54734
1118	YDR132C	-0.9796	-0.27802	-0.991975	0.17186	0.05818
1126	YDR140W	-1.670175	-2.6714	-2.412025	0.18495	-0.01578
1127	YDR141C	-0.305625	-1.26716	-1.30295	0.2708	0.366
1128	YDR142C	0.735925	0.8949	0.750225	-0.05286	-0.36498
1129	YDR143C	0.83685	0.93834	0.498425	-0.87392	-0.61564
1137	YDR151C	1.8685	1.9532	2.062575	0.34536	-0.4843
1139	YDR153C	2.3014	1.49988	0.970075	0.3298	0.21398
1142	YDR156W	0.74135	0.95554	1.3973	-1.02582	-0.15908
1143	YDR157W	0.856725	0.89454	1.811575	-1.62884	-0.48828
1144	YDR158W	-0.2366	0.3933	0.927575	1.86484	0.74932
1150	YDR164C	-1.1371	-0.68438	-0.843975	0.151375	-0.42738
1151	YDR165W	0.018375	0.07066	0.04485	-1.37345	-1.21246
1154	YDR168W	-1.3153	-0.9773	-1.0459	-0.02076	-1.18988
1157	YDR171W	-2.942725	-2.85188	-3.561425	1.49848	1.83916
1159	YDR173C	-0.82925	-1.04554	-1.644775	-0.09524	-0.33848
1160	YDR174W	0.908525	0.9842	1.618975	0.60348	-0.36036
1161	YDR175C	1.426825	0.93246	0.9218	0.36108	0.06252
1165	YDR179C	-2.32725	-1.85055	-1.517525	-0.99646	-0.24122
1167	YDR180W	0.131775	0.85392	1.236775	0.27372	0.43228
1171	YDR184C	2.71185	2.43006	2.33985	-0.95938	-0.97652
1172	YDR185C	1.957375	2.3001	2.23345	0.11812	1.33936
1176	YDR189W	1.39535	0.7766	1.112275	0.75168	0.70922
1178	YDR191W	0.824375	0.732	0.716425	0.01125	0.6721
1179	YDR192C	-0.5856	-0.670675	-0.900575	-0.08712	-0.82008
1181	YDR194C	1.4835	1.68556	2.5145	0.11045	0.08808
1182	YDR195W	2.138525	2.39878	1.75275	-0.15102	0.16472
1184	YDR197W	1.004175	1.08244	0.308575	-0.59176	-0.55242
1185	YDR198C	0.3808	0.48154	0.3392	-0.59614	-0.94642
1188	YDR201W	-0.787	-0.6379	-0.78795	0.472675	0.16682
1191	YDR204W	-1.818475	-0.83712	-1.1064	0.3953	0.2206
1197	YDR210W	-2.547275	-2.28012	-2.1475	-0.63364	-0.58464
1198	YDR211W	-1.01705	-0.48912	-0.640525	-0.481975	-0.44804
1199	YDR212W	0.1087	0.32874	0.465475	-0.735425	-1.10826
1201	YDR214W	-2.316675	-2.46066	-2.462875	-0.77386	-0.46226
1204	YDR217C	0.815125	0.64226	0.818675	0.464275	0.09324
1208	YDR221W	-0.326675	-0.4171	-0.209375	0.89596	0.78732
1210	YDR223W	0.792725	0.56474	1.419475	-0.45786	-0.27576
1211	YDR224C	1.095975	1.04678	2.055125	-1.27946	0.36064
1218	YDR231C	-0.4317	-0.22678	-0.49195	0.64848	0.47442
1220	YDR233C	0.984775	1.02138	1.0664	-0.40058	0.34172
1227	YDR240C	0.78485	1.217975	0.7505	-0.3574	-1.00306
1235	YDR248C	-1.95955	-2.09968	-2.0694	0.8052	0.73166
1242	YDR255C	-0.7147	-1.00868	-0.678425	0.64822	-0.04094
1243	YDR256C	0.561575	1.06586	2.13195	-0.72456	-0.6131
1244	YDR257C	0.6397	0.92206	0.157925	-0.1802	-0.63886
1245	YDR258C	-2.50305	-1.81675	-3.0914	-0.06505	-1.066875
1246	YDR259C	-0.644825	-0.47708	-0.71265	0.89194	0.43632
1259	YDR272W	-1.103425	-1.54548	-2.29165	-0.05878	0.63986
1262	YDR275W	2.7004	2.51932	2.98595	-2.20952	-2.27788
1265	YDR278C	1.427675	1.2197	1.0272	-1.41522	-1.1872
1267	YDR280W	2.0973	1.58328	1.231275	-0.16434	-0.24748
1276	YDR289C	-0.512425	-0.28556	-0.6873	-0.18756	-0.7238
1283	YDR296W	1.631525	0.94516	0.80055	-0.39278	-0.34612
1284	YDR297W	1.654475	1.39588	0.73115	-0.42758	-0.01798
1286	YDR299W	1.78525	1.65246	1.013875	-1.01432	-1.46152
1291	YDR304C	-0.52865	-1.73036	-1.96715	0.53108	-0.18864
1299	YDR312W	1.4892	1.42974	1.323225	-0.72146	-0.57848
1302	YDR315C	-0.41175	-0.421775	-1.338725	0.42994	-0.39496
1306	YDR319C	-1.016425	-1.14358	-1.161625	0.06216	-0.3281
1319	YDR332W	2.466475	2.61545	1.060325	-0.9061	-0.241
1326	YDR339C	1.7196	1.5877	1.708725	-1.2525	-0.91444
1329	YDR342C	3.817525	4.01026	1.242825	-2.347325	0.9988
1330	YDR343C	2.702125	3.16022	1.400125	-2.39642	0.87264
1332	YDR345C	3.489125	4.2013	1.7551	-2.78084	0.64262
1333	YDR346C	1.5382	1.58382	1.8014	-1.2197	0.00688
1335	YDR348C	1.5254	1.4985	1.173775	0.15086	-0.542925
1344	YDR357C	-1.614625	-1.64078	-1.6049	-0.56694	0.1681
1348	YDR361C	1.24165	1.40902	1.3453	-1.6965	-1.26446
1351	YDR364C	1.016825	1.03888	1.05945	-0.83534	-0.83774
1352	YDR365C	1.038825	1.7149	1.4138	-1.0798	-1.57136
1354	YDR367W	-0.9197	-1.16438	-1.077175	-0.18035	0.19182
1355	YDR368W	-0.993725	-1.21568	-2.6174	0.9113	0.64066
1357	YDR370C	1.8085	1.46178	1.252025	-0.08614	-0.53004
1358	YDR371W	1.0448	1.14704	0.93405	0.12294	-0.13472
1362	YDR375C	1.022975	1.11196	0.976525	-0.18445	0.19006
1365	YDR378C	-0.740675	-1.31864	-0.75225	0.45665	1.24832
1368	YDR381W	0.3295	0.20434	0.7205	-0.29792	1.50276
1381	YDR394W	1.495425	1.47598	1.48635	0.18664	-0.39632
1384	YDR397C	1.958975	0.5328	-0.714275	0.28286	0.3009
1385	YDR398W	1.150375	1.1754	0.864425	-0.94875	-0.69912
1386	YDR399W	1.8292	0.86264	0.77795	-0.0568	0.64518
1387	YDR400W	-0.951925	-0.78412	-1.171925	0.53242	-0.36322
1388	YDR401W	0.6201	0.45072	0.29935	0.9077	0.36858
1395	YDR408C	-0.377225	-0.59028	-0.4528	0.46572	1.01218
1398	YDR411C	-1.188925	-1.20475	-1.609025	0.60402	1.22176
1399	YDR412W	1.35905	1.65256	2.10115	-1.3995	-0.7534
1410	YDR423C	-0.762575	-1.2883	-1.39305	-0.31268	0.2856
1415	YDR428C	-1.064025	-0.90072	-1.28	-0.74564	-1.01942
1416	YDR429C	1.095325	1.17066	0.788725	-0.568925	0.4363
1418	YDR431W	0.292675	0.13746	0.6334	-0.367225	0.40722
1435	YDR448W	-1.063075	-0.44188	-0.999525	-1.26546	-0.47954
1436	YDR449C	2.34975	1.52352	1.2053	-0.30332	-0.67358
1452	YDR465C	1.38075	1.50054	1.2074	-1.52438	-0.8025
1453	YDR466W	1.238075	1.1262	0.960025	0.25444	-0.0739
1456	YDR469W	-0.43255	-1.00722	-0.948075	0.60346	0.1145
1457	YDR470C	-1.254925	-0.99496	-0.95495	0.16928	0.49264
1459	YDR472W	-0.52985	-0.31416	-0.722275	-0.94112	-0.47978
1463	YDR477W	0.3964	1.0223	1.700125	-0.84252	0.55916
1464	YDR478W	-1.334025	-1.41242	-1.404175	-0.552325	-0.7894
1466	YDR480W	-0.945425	-0.75338	-1.467125	0.32774	-0.21606
1467	YDR481C	-0.223675	0.76186	1.198625	0.22528	0.90048
1471	YDR485C	0.9755	0.88344	0.9604	0.0645	-0.04018
1473	YDR487C	0.765275	0.67608	1.3829	0.50432	1.3783
1475	YDR489W	1.554475	1.65566	1.58745	1.05394	-0.1702
1476	YDR490C	1.3899	1.23096	0.988325	-0.026175	0.2765
1478	YDR492W	5.038525	5.26724	4.739225	-4.48546	-4.24872
1480	YDR494W	0.930775	0.98454	0.9967	-0.38052	-0.60796
1482	YDR496C	1.83955	2.2394	2.418775	-0.189	-0.8281
1483	YDR497C	0.85485	2.13386	3.1519	1.4063	1.48082
1487	YDR501W	-0.3489	-0.7968	-1.427266667	1.65525	0.31658
1488	YDR502C	-0.681025	-0.2253	-0.001175	1.00108	0.13428
1497	YDR511W	-1.3142	-1.9649	-1.498225	0.30318	0.57144
1500	YDR514C	1.43975	1.65428	1.8079	-0.35756	-0.82618
1502	YDR516C	-0.161925	0.398225	-0.382275	1.61602	1.10826
1503	YDR517W	-0.838	-1.24372	-1.800525	0.00184	0.02164
1505	YDR519W	-0.82445	-1.00932	-0.933425	0.76318	0.28072
1509	YDR523C	3.087975	2.95254	4.08455	-0.21234	0.25968
1513	YDR527W	2.007225	1.79168	1.463875	-0.31622	-0.11674
1515	YDR529C	-0.0491	-0.560575	0.448075	0.56368	1.69442
1516	YDR530C	1.101975	0.9437	1.17075	0.65832	0.6701
1519	YDR533C	-0.76335	-0.48666	-0.558875	2.2752	0.21048
1524	YDR538W	-1.16485	-0.63032	-0.7142	0.46132	0.26164
1528	YDR542W	0.636725	1.87322	1.737075	-0.345725	0.05864
1533	YEL002C	-0.771525	-0.1881	-0.249075	0.18094	-0.41146
1538	YEL007W	-2.809575	-3.02528	-3.054725	0.66116	0.1654
1542	YEL011W	-0.64885	-0.88658	-0.944625	0.2837	1.28814
1547	YEL016C	-1.83255	-1.24286	-0.94395	0.39464	0.0494
1570	YEL038W	-0.2159	-0.06408	-0.252125	0.684075	0.042
1571	YEL039C	0.1055	0.03196	-0.0528	0.866275	1.59432
1572	YEL040W	-0.3518	0.22648	0.6813	1.40715	0.09226
1578	YEL046C	0.5673	1.91805	2.497025	-0.26756	-0.35284
1581	YEL049W	1.23685	1.63442	2.067175	0.4196	-0.24846
1599	YEL066W	-2.074125	-2.2821	-2.699625	-0.7307	0.81802
1613	YER001W	-0.8047	-0.87324	0.404275	1.31042	0.66734
1614	YER002W	1.83315	0.83888	0.85755	-0.33378	0.09934
1618	YER006W	1.36755	1.47194	2.063375	-1.57334	-0.50114
1624	YER011W	0.5213	1.52434	2.958475	3.0481	-0.28862
1628	YER015W	0.19875	0.7662	0.921725	-0.50664	0.06614
1629	YER016W	-0.872825	-0.99905	-1.186875	0.44832	-0.12154
1639	YER025W	-0.699225	0.21368	0.46205	-1.02866	-0.53714
1640	YER026C	-0.6509	0.41454	0.779875	0.77088	1.00962
1642	YER028C	2.310525	1.2906	0.322725	-1.80872	-0.74142
1643	YER029C	1.368925	1.37122	1.5261	0.01524	0.2729
1645	YER031C	-0.77295	-0.69652	-0.76675	0.786	0.18614
1647	YER033C	-0.643625	-0.65868	-0.761125	0.03708	0.02138
1650	YER036C	0.548675	1.46526	1.857325	-0.18482	0.20988
1656	YER042W	-0.540275	-1.22376	-1.276175	-0.33572	-1.91922
1657	YER043C	1.160075	1.3719	1.61495	0.32458	0.1974
1666	YER051W	-1.1472	-1.59932	-0.98045	-0.12564	-0.76286
1667	YER052C	0.082	1.57524	2.0402	-0.0471	-0.48562
1671	YER056C	3.70845	2.298466667	0.77585	-0.984875	0.183125
1673	YER057C	-0.432733333	-1.127833333	-1.128775	1.3925	1.2119
1675	YER059W	-0.478266667	-0.96706	-1.174925	0.59398	-0.17496
1678	YER061C	-0.432625	-0.86424	-1.333175	-0.33316	0.45522
1679	YER062C	0.7905	0.3592	-0.215625	1.0233	2.3268
1681	YER064C	-0.7641	-0.5811	-0.94175	0.37058	0.91104
1686	YER068W	1.23505	0.694	0.688525	0.23902	-0.11362
1688	YER070W	0.306975	-0.45218	-0.540275	1.29234	0.15185
1690	YER072W	-1.01185	-1.47644	-1.255775	0.54842	1.8245
1694	YER076C	-0.76495	-0.77838	-1.3671	0.20508	-0.16798
1698	YER080W	-0.794925	-0.80034	-1.504	0.52074	-0.0852
1700	YER082C	1.351325	1.11118	1.207275	-1.01176	-0.7567
1701	YER083C	-1.07335	-1.13282	-1.212575	0.2305	0.55304
1703	YER085C	-1.2139	-1.34994	-1.056	-0.264775	-0.0289
1706	YER087W	-0.837525	-0.43562	-0.913425	0.03258	0.83144
1713	YER093C-A	1.02675	1.05222	0.5989	-0.4159	0.06962
1714	YER094C	0.5888	0.68462	1.29615	0.825625	0.38278
1718	YER098W	-0.25985	-0.60182	0.103925	-0.6959	-0.44518
1725	YER105C	-1.7808	-0.3567	-0.6534	-0.9909	-0.365566667
1733	YER114C	-0.566075	-0.29888	0.087	-0.98972	-0.38144
1734	YER115C	-0.6098	-0.81512	-0.84975	0.01198	-0.1133
1735	YER116C	-0.6531	-0.457	-0.747625	0.7035	-0.24332
1737	YER118C	-0.474075	-0.9409	-0.7299	-0.08928	-0.36714
1738	YER119C	-0.92005	-1.19154	-2.20485	0.13554	-0.01052
1744	YER124C	-1.731375	-1.888525	-1.814275	0.34452	0.12598
1746	YER126C	1.645725	1.508625	2.2635	-1.48624	-0.19228
1747	YER127W	0.967025	1.7418	1.1005	-1.08952	-1.54278
1757	YER137C	-1.4973	-1.2427	-0.880025	0.12352	-0.46128
1759	YER139C	-0.25845	-0.5852	-0.776875	0.32362	-0.6569
1772	YER152C	-0.34535	-0.54266	-1.035725	0.26998	1.20222
1776	YER156C	1.421075	1.22718	1.0806	-0.498725	-0.22058
1779	YER159C	-0.63055	-1.20208	-0.556575	0.07262	1.39382
1781	YER161C	1.572925	0.912075	1.192375	0.4993	0.12526
1783	YER163C	-0.58265	-1.47208	-1.770775	1.1078	0.11082
1788	YER168C	0.405625	0.5962	1.0763	0.4904	-0.16426
1790	YER170W	-0.290475	-0.9848	-1.103675	0.51212	0.67538
1791	YER171W	1.887525	1.43414	1.696425	-0.53712	0.33528
1795	YER175C	2.0235	2.36246	3.29915	1.18416	0.76636
1797	YER177W	-0.827225	-0.9576	-1.2332	1.57088	0.6984
1798	YER178W	-0.34695	-0.13316	-0.329025	0.99956	0.02642
1807	YER187W	0.49905	1.73066	2.744	-0.070125	0.03006
1811	YFL-TYA	-0.682666667	-1.0687	-0.2609	-0.800566667	-1.833233333
1821	YFL010C	-1.2279	-1.51466	-1.480825	0.94336	0.71642
1825	YFL012W-A	-0.929875	-0.3052	-0.459025	1.43726	0.04988
1826	YFL013C	0.941925	1.01194	1.099725	0.086375	0.36646
1827	YFL014W	-1.60555	-1.23954	-1.232775	7.02186	2.93452
1829	YFL016C	-1.275975	-0.67478	-0.5663	0.45216	0.0137
1830	YFL017C	-1.958125	-2.76154	-2.83975	0.17102	0.68296
1834	YFL020C	0.2589	1.22326	1.367275	0.38315	-0.60636
1835	YFL021W	0.31455	-0.24552	0.2243	1.35732	0.81612
1840	YFL026W	0.558725	0.60472	0.9339	1.17402	0.69974
1842	YFL028C	0.179775	0.84238	1.77015	0.1757	0.14596
1853	YFL038C	0.156925	-0.11382	0.5361	0.8181	1.3474
1854	YFL039C	0.1018	0.030033333	-0.456725	1.47	1.11838
1858	YFL044C	-1.366875	-1.20556	-1.423125	0.45142	-0.61522
1859	YFL045C	0.2907	-0.57256	-1.14065	0.73296	1.77274
1869	YFL055W	0.7935	0.91818	0.94705	0.6319	0.18158
1874	YFL060C	-0.4637	-0.7775	-0.7947	0.74145	0.68494
1875	YFL061W	-0.741266667	-0.76085	-0.223275	0.6645	0.242225
1882	YFL068W	-0.0207	0.0684	0.00755	2.887	0.72104
1883	YFR001W	2.08685	1.78788	1.8165	-1.66276	-1.08114
1886	YFR004W	0.63655	1.00234	1.0227	-0.57388	-0.48038
1896	YFR014C	1.320425	0.67338	0.538875	-0.55208	0.9416
1902	YFR020W	0.30605	0.8886	1.860425	0.00936	0.0808
1906	YFR024C-A	-0.73005	-1.13318	-0.944425	0.42606	0.36304
1907	YFR025C	-1.62035	-1.02624	-1.04645	0.90602	0.16052
1908	YFR026C	-0.140575	-0.1374	-0.297275	1.15288	0.27996
1909	YFR027W	-0.790125	-1.1229	-1.201225	1.42616	0.42868
1912	YFR030W	-0.7323	-0.38302	-0.1108	0.86706	-0.7235
1923	YFR040W	0.922725	0.87502	0.938725	-0.223375	0.21062
1925	YFR042W	-1.726525	-1.75798	-1.980925	-0.10952	0.05354
1926	YFR043C	-0.369825	-0.68896	-1.04635	-0.31936	-0.73098
1930	YFR047C	-0.595575	-1.08062	-0.9254	0.56498	0.35502
1932	YFR049W	-0.461075	-0.87046	-0.7028	0.61818	0.83574
1936	YFR053C	0.73005	-0.04994	-0.512075	2.7249	2.62286
1943	YGL003C	1.65635	0.851525	0.877033333	0.58625	-0.11972
1944	YGL004C	-0.493025	-0.98624	-0.7977	0.64986	0.20502
1945	YGL005C	-1.090075	-1.49574	-1.305875	0.6794	-0.16456
1948	YGL008C	-1.5267	-0.62974	-0.32715	1.07336	1.2096
1950	YGL010W	0.956775	0.92186	0.616525	-0.10178	0.14006
1953	YGL013C	-1.3158	-0.34538	-0.6074	-0.62282	-1.16988
1958	YGL018C	-0.9606	-1.44782	-1.208525	0.59828	0.4047
1964	YGL024W	1.16125	1.4992	3.09515	-0.11345	0.33118
1965	YGL025C	-0.900725	-0.647	-0.70085	-0.1075	-0.52516
1968	YGL028C	-0.91755	-0.6697	-1.484775	-0.7036	-0.5238
1969	YGL029W	2.15255	1.86154	2.051475	-2.003875	-0.82872
1972	YGL032C	1.292625	0.63158	-0.025475	1.023225	2.1358
1975	YGL035C	2.192525	0.5714	-1.798775	-0.05906	0.25014
1977	YGL037C	0.03745	-0.52612	-1.1354	4.48338	3.6288
1979	YGL039W	-0.508525	0.56418	0.49025	-2.43908	-2.96858
1982	YGL042C	-0.5587	-0.98734	-0.203675	-0.58774	0.13132
1984	YGL044C	1.561825	1.72865	1.935125	-0.30742	-0.14352
1986	YGL047W	-0.990125	-1.13346	-1.408425	0.34948	-0.12372
1994	YGL055W	3.196	4.05544	4.384375	-8.512375	-6.3776
1995	YGL056C	1.856225	1.70606	1.57545	-1.04378	-0.37004
1998	YGL059W	-1.53835	-1.03484	-0.08715	-0.98592	-0.24148
2000	YGL061C	-1.674575	-2.79038	-2.78855	0.64744	-0.11408
2001	YGL062W	0.02535	0.07526	0.6935	1.49162	2.70454
2017	YGL078C	2.059575	2.30264	2.740275	-0.74942	-0.29704
2018	YGL079W	-1.802275	-1.30715	-1.889925	0.22172	-0.60828
2019	YGL080W	1.178175	1.24732	1.7257	-0.19852	0.04562
2026	YGL087C	-1.27285	-0.6599	-1.291025	0.2126	0.85944
2032	YGL093W	-0.49725	-1.03528	-0.6738	0.2617	0.20638
2033	YGL094C	-0.816975	-0.98122	-0.737175	0.52534	0.57692
2038	YGL099W	1.635375	1.47628	1.754575	-0.7029	-1.88722
2039	YGL100W	-1.62785	-2.02334	-2.260075	0.15256	-0.78004
2047	YGL108C	-1.91495	-2.25775	-1.524975	0.46534	0.03154
2048	YGL109W	-1.7087	-1.917	-0.82295	0.081575	0.72612
2050	YGL111W	0.4945	0.31702	0.24665	-1.30024	-0.83266
2056	YGL117W	2.8813	3.89608	4.57045	0.493	0.91902
2059	YGL120C	1.8431	1.90072	2.2717	-1.10542	-0.17252
2061	YGL122C	1.07875	1.22534	1.5985	-1.10834	-1.25584
2067	YGL128C	-0.443025	-1.43946	-1.208475	-0.54666	-0.27558
2070	YGL131C	-0.25565	-0.44608	0.0565	-0.06954	-0.75812
2072	YGL133W	-1.127625	-0.89546	-1.156625	0.06488	-0.1912
2073	YGL134W	-1.038175	-0.99286	-0.5389	0.14732	-0.49444
2075	YGL136C	-1.6846	-2.56584	-2.5461	-0.39726	-0.23918
2078	YGL139W	-0.61945	-0.65492	-0.088225	-1.21374	-0.87154
2082	YGL143C	-0.26825	-1.32938	-1.023825	0.3288	0.47452
2083	YGL144C	1.15385	1.040125	1.54125	-0.6854	-0.3932
2094	YGL155W	-0.759225	-0.63174	-0.6071	0.16168	-0.81998
2100	YGL161C	-0.485	-0.76485	-1.293625	0.61524	0.17972
2106	YGL167C	0.371825	0.8714	1.007175	0.5397	0.83036
2109	YGL170C	2.199625	2	1.2226	-1.7422	-0.77372
2110	YGL171W	0.85105	0.77158	1.056625	-1.41126	-1.67558
2111	YGL172W	0.324466667	0.59482	0.174566667	-0.04316	-1.16925
2113	YGL174W	-0.581825	-1.01638	-0.70575	-0.46712	-0.28782
2115	YGL176C	1.02795	1.64144	1.87425	-0.2755	-0.0665
2117	YGL178W	0.38095	1.16384	1.43385	-0.38115	-0.65038
2118	YGL179C	0.950875	1.404475	2.059125	-0.42244	-0.2679
2124	YGL185C	-1.386775	-1.45974	-2.286775	-0.15418	-0.8532
2132	YGL193C	0.4909	0.6738	1.299825	0.32952	0.14086
2141	YGL202W	-0.14865	0.23524	0.554	2.751825	1.3405
2143	YGL204C	-0.628433333	-1.06104	-1.406833333	0.88475	-0.17324
2147	YGL208W	-0.099225	-0.90346	-1.845175	1.38502	1.77482
2148	YGL209W	5.351675	1.2883	-1.6837	-1.39168	1.06766
2152	YGL213C	-0.3291	-0.5563	-0.63895	0.1496	-0.86586
2157	YGL218W	0.42125	0.46498	0.777275	0.649675	-0.11524
2159	YGL220W	-0.56885	-1.26084	-0.8581	-0.1256	0.22816
2160	YGL221C	-1.463475	-1.86316	-2.358675	0.28506	0.15394
2163	YGL224C	0.0909	0.93286	2.677125	0.00906	0.691
2164	YGL225W	-1.416125	-1.0819	-1.237175	-0.06328	-0.77556
2168	YGL229C	-0.646375	-1.08536	-1.4584	1.45498	0.14668
2175	YGL236C	1.06745	1.3351	1.43825	-0.23502	-0.63978
2181	YGL242C	-1.746525	-1.96454	-2.498175	0.744725	-0.0399
2185	YGL246C	3.080975	2.5265	1.669425	-0.54078	-0.33832
2186	YGL247W	1.8771	1.97566	1.603575	-1.18785	-0.0383
2187	YGL248W	-1.0625	-1.01614	-1.3833	1.44998	0.55274
2190	YGL251C	-0.89445	-0.46766	-0.16385	0.84666	-0.36266
2194	YGL255W	3.33635	3.95092	4.357925	-1.0437	-0.51328
2195	YGL256W	0.9478	1.0843	1.339875	-0.04406	-0.1976
2200	YGL261C	0.3056	1.30066	1.9846	-0.42456	-0.27832
2203	YGR001C	-1.012725	-1.39986	-1.2742	-0.0357	-0.68518
2206	YGR004W	0.8439	1.00662	1.4191	-0.41924	-0.2574
2212	YGR010W	-1.138625	-0.6149	-1.06965	0.19525	-0.1411
2231	YGR029W	-0.217275	-0.59758	-0.4591	0.66544	0.40414
2237	YGR035C	7.561475	5.334875	2.6106	-2.5962	0.06202
2238	YGR036C	3.102525	2.27414	1.884725	-0.217875	0.16582
2239	YGR037C	0.568325	0.45246	0.732375	-1.23762	-1.5707
2240	YGR038W	-1.0094	-1.57414	-1.5708	-0.07306	-0.2362
2241	YGR039W	-0.058	-0.121475	-0.10605	-1.21158	-1.49892
2246	YGR044C	-1.024625	-0.48706	-0.66995	0.11052	-0.72698
2248	YGR046W	2.026925	2.01142	2.31105	-0.60712	-0.11894
2250	YGR048W	2.264825	2.28892	2.445375	-1.0372	-0.48136
2257	YGR055W	-1.22035	-1.03556	-0.498925	0.27488	0.2882
2267	YGR065C	-0.08925	1.28696	2.80325	-0.06656	0.52688
2274	YGR072W	1.052225	0.62688	0.913175	-0.724425	-0.59254
2281	YGR079W	3.855625	2.74955	1.841	-0.56644	0.28134
2283	YGR081C	1.491375	1.281975	1.407525	-0.81156	-1.05636
2284	YGR082W	1.6538	1.23036	1.899025	0.15558	0.22836
2286	YGR084C	1.8633	1.3709	1.085625	0.11182	0.67624
2288	YGR086C	-1.10555	-1.3396	-1.36575	2.29514	0.2916
2295	YGR093W	1.7272	1.52802	1.755125	0.12504	-0.2827
2297	YGR095C	2.212075	1.74868	1.69775	-0.6176	-0.1846
2305	YGR103W	0.881325	1.05738	1.39195	-1.4842	-1.48006
2310	YGR108W	2.54685	3.48968	3.57885	-0.1019	0.41652
2311	YGR109C	-2.075125	-1.87918	-1.92615	1.71816	-0.08698
2313	YGR111W	-2.840775	-2.40998	-2.641	0.81374	-0.26002
2319	YGR117C	-1.066625	-0.727525	-1.120975	-0.22636	-0.52864
2325	YGR123C	-0.726	-0.55248	0.1063	-1.862	-1.21452
2330	YGR128C	1.5248	1.04916	1.428425	-0.68054	-0.51804
2333	YGR131W	2.66115	3.89425	4.59275	-0.35402	-0.50344
2338	YGR136W	-1.50935	-1.60714	-1.79485	-0.30798	-0.51128
2343	YGR141W	-1.1442	-1.17154	-1.07945	0.04034	0.61432
2345	YGR143W	0.831325	1.33274	1.9492	0.41316	0.08
2347	YGR145W	1.46525	1.49078	1.423925	-0.97808	-0.42984
2348	YGR146C	-0.5974	-1.238166667	-1.42455	-2.935733333	-1.7268
2349	YGR147C	2.1476	1.67014	1.74375	-0.09986	-0.00688
2353	YGR151C	2.0152	1.48804	1.15195	0.48286	0.20098
2354	YGR152C	1.446375	1.07884	0.583925	1.1634	-0.50846
2355	YGR153W	-0.2962	-0.84468	-1.01585	0.54496	0.97454
2357	YGR155W	1.49675	1.3682	1.404575	-0.213675	-0.28406
2358	YGR156W	-1.26375	-0.5351	-0.8151	0.38104	-0.47084
2360	YGR158C	0.60385	0.66958	1.013825	-0.6773	-0.88176
2361	YGR159C	3.279225	3.621	3.526525	-2.04985	-0.60622
2362	YGR160W	3.117275	3.1326	2.358725	-1.13798	-1.18472
2363	YGR161C	3.9951	3.85042	2.106175	-0.53754	0.0495
2367	YGR165W	1.601175	0.83372	1.20965	-0.08274	-0.10504
2368	YGR166W	0.59255	0.46904	0.673725	-0.50172	-0.26772
2369	YGR167W	-0.7523	-1.22826	-0.959525	1.03788	0.77824
2373	YGR171C	1.449275	1.37406	1.05355	0.05606	0.16586
2374	YGR172C	-1.12945	-1.2984	-2.055725	-0.36532	-0.70882
2377	YGR175C	0.3515	1.03328	0.855375	-0.73708	-0.37238
2378	YGR176W	1.3126	1.3288	1.223225	-0.82408	-0.54402
2379	YGR177C	0.92485	1.21224	1.82015	-1.4458	-0.32226
2390	YGR188C	-1.8224	-1.36118	-1.151625	-0.23522	-0.50922
2391	YGR189C	-0.093825	-0.042525	0.069725	2.04858	0.97208
2396	YGR194C	-0.6065	-0.6206	-1.334125	0.1385	0.68034
2397	YGR195W	1.42345	1.29362	1.0451	0.25405	0.46106
2403	YGR201C	1.494675	1.53038	2.00745	0.13424	1.05656
2404	YGR202C	1.770525	1.75664	2.4093	0.33278	-0.0737
2405	YGR203W	-1.1472	-1.6675	-1.959775	0.41338	0.44464
2408	YGR206W	-0.6605	-1.84148	-1.415525	-0.61748	-0.2082
2416	YGR214W	-0.561025	-0.85602	-1.4123	0.53152	0.23366
2431	YGR229C	1.0245	0.64544	0.784375	0.11688	-0.55204
2432	YGR230W	0.4697	-0.37582	0.16965	1.27414	0.7238
2438	YGR236C	0.52425	0.87892	1.009125	-0.26726	-0.23734
2442	YGR240C	-1.01495	-0.813575	-1.426625	-0.33734	1.06684
2443	YGR241C	0.716575	0.829525	0.28655	-0.5057	-0.46928
2447	YGR245C	1.6074	1.55168	1.96155	-1.22492	-0.53296
2450	YGR248W	-0.3198	-0.7146	-0.8733	2.70952	1.36712
2452	YGR250C	-0.3214	-0.02984	0.678675	-1.0864	-0.36882
2458	YGR256W	-0.116625	-0.73256	-0.72015	0.69822	-0.01564
2469	YGR267C	0.047125	0.31452	1.03605	0.4406	0.37596
2475	YGR273C	0.35045	0.60778	1.217275	0.125475	0.0435
2482	YGR280C	1.48525	1.31258	1.59805	-1.16184	-0.75338
2484	YGR282C	-0.421175	-0.1736	-0.811775	0.75934	0.49416
2485	YGR283C	1.70185	1.64828	1.8289	-0.93705	-0.5223
2486	YGR284C	-1.9495	-1.7984	-2.54185	-0.6224	-0.86914
2488	YGR286C	3.02905	3.3901	3.946875	-3.2343	-3.44782
2495	YGR293C	1.76515	1.17246	0.97925	0.2056	0.57098
2497	YGR295C	-0.992125	-1.019125	-0.924125	1.0888	0.34156
2498	YGR296W	0.268425	0.35126	0.274275	2.2924	-0.08102
2501	YHL003C	-0.842725	-1.09992	-1.1987	0.219	-0.03572
2504	YHL006C	-0.3453	-1.38666	-1.584275	0.69452	1.5703
2515	YHL017W	-0.3393	-0.57552	-0.30655	-0.50018	-0.68914
2524	YHL026C	1.55995	0.9899	0.977225	0.5471	-0.28848
2525	YHL027W	1.074975	1.191125	1.646025	0.19115	0.04328
2529	YHL031C	-1.467675	-2.331366667	-2.184825	0.610625	0.18104
2532	YHL034C	0.80695	0.38356	0.011525	3.214825	0.71092
2544	YHL046C	0.224825	1.47196	2.503325	-0.52804	-0.6169
2545	YHL047C	1.0849	1.07254	1.49935	1.8366	0.7705
2547	YHL049C	-1.4103	-2.06778	-1.857075	1.32038	-0.24064
2553	YHR004C	1.745125	2.34318	2.3869	-0.55518	0.43216
2554	YHR005C	0.692325	-0.33318	-0.9871	0.81286	-0.18782
2556	YHR007C	0.355025	0.92002	1.09215	-0.94155	-0.0203
2557	YHR008C	-0.5419	-0.06656	-1.1133	0.787725	0.40266
2560	YHR011W	-1.038775	-1.94202	-2.186425	0.3092	0.12498
2565	YHR016C	-0.304325	-0.47118	-0.89385	0.92402	0.24846
2567	YHR018C	1.263925	3.9573	4.5131	0.37792	1.0444
2572	YHR023W	-1.3039	-0.84492	-1.116075	0.13566	-0.68378
2573	YHR024C	2.161575	1.76036	1.392025	0.026825	0.33368
2578	YHR029C	-0.720625	0.03522	0.781875	1.172475	0.24602
2583	YHR034C	0.946475	0.9137	0.689475	0.01235	0.56268
2585	YHR036W	1.5891	1.21884	1.196025	-0.50426	-0.03374
2587	YHR038W	1.996	1.19172	1.18675	0.47916	0.63718
2591	YHR041C	-0.5976	-0.77135	-0.86185	1.13008	0.76764
2592	YHR042W	1.0353	1.0079	1.9219	-0.2393	0.09774
2593	YHR043C	0.8221	1.04756	1.26155	0.50724	0.64888
2594	YHR044C	0.67085	0.1902	0.49235	0.36318	0.7453
2596	YHR046C	-2.44165	-1.634425	-1.548125	-0.01604	0.09274
2600	YHR049W	2.18095	2.83648	2.981025	1.0299	0.98616
2603	YHR052W	2.150525	2.48804	3.114625	-1.66582	-1.41586
2604	YHR053C	-2.531625	-1.7952	-1.45055	-1.6293	-0.55376
2605	YHR054C	1.75565	0.98416	1.22925	-0.77476	-0.98548
2606	YHR055C	-1.994425	-1.83794	-1.609075	-1.07152	-0.85666
2609	YHR058C	1.147625	0.2558	0.889225	0.069775	-0.49784
2611	YHR060W	-0.710125	-0.71362	-0.90825	-0.9308	-0.63164
2613	YHR062C	0.4534	0.52256	0.813625	-0.68675	-0.72498
2617	YHR066W	3.3913	2.74912	2.974425	-0.39172	-0.96426
2624	YHR073W	0.654875	0.7754	1.194175	-0.1705	-0.35458
2633	YHR081W	1.89165	2.3735	2.2328	-1.05926	0.04036
2635	YHR083W	-0.4489	-0.85824	-0.8627	0.40596	0.6838
2637	YHR085W	3.208175	2.203325	1.88265	-1.0631	-1.15476
2639	YHR087W	-0.182775	0.36204	-0.2922	4.31534	3.91872
2640	YHR088W	1.256575	0.809	0.855125	-1.54194	-0.71716
2641	YHR089C	1.238375	0.67136	1.55095	-0.31116	0.47874
2642	YHR090C	1.217375	0.70056	0.478275	0.09526	0.1339
2643	YHR091C	1.20985	1.08214	1.048025	0.368	0.31006
2644	YHR092C	4.034175	2.66598	1.3598	-1.6984	1.15358
2646	YHR094C	4.07265	2.54844	0.074525	-2.431	0.31632
2656	YHR104W	-1.47405	-1.04202	-1.188425	1.84316	0.93406
2662	YHR110W	-0.478625	-0.8664	-1.06095	1.99725	0.59624
2664	YHR112C	-0.43405	-1.02822	-1.82085	0.64145	-0.1295
2672	YHR120W	1.02795	1.1898	1.125275	0.54662	0.14786
2674	YHR122W	0.045375	0.18334	1.69805	-0.394675	0.08156
2678	YHR126C	3.693666667	2.3697	0.8358	3.3376	5.7218
2681	YHR129C	-1.859775	-1.345	-1.5613	0.1157	-0.32632
2688	YHR136C	-0.011675	0.1535	0.3732	1.939575	4.1161
2698	YHR144C	-0.452375	-0.62598	0.132675	-1.03724	-0.47266
2700	YHR146W	-1.810725	-1.49948	-1.505475	-1.5856	-0.11162
2702	YHR148W	1.6394	2.09552	2.44025	-1.31684	-0.7212
2705	YHR151C	0.565725	0.9269	1.174175	-0.66612	-0.35736
2708	YHR154W	-1.115	-0.83934	-0.716375	0.297825	-0.15166
2716	YHR162W	2.15425	1.64914	1.809825	-0.54778	0.66354
2721	YHR167W	1.811475	1.45958	1.4906	-0.0046	0.399625
2723	YHR169W	2.6433	2.38388	2.799425	-0.7779	-0.4218
2724	YHR170W	2.9586	2.55266	2.689675	-1.18872	0.10134
2725	YHR171W	0.3144	1.00082	0.879975	-0.10662	0.6425
2741	YHR187W	1.072175	0.68524	0.857725	0.00532	0.18276
2746	YHR192W	-0.456125	-0.71932	-1.14685	-0.45284	-0.72432
2749	YHR195W	1.16895	1.42416	2.17435	0.2447	0.55648
2750	YHR196W	1.966575	1.78608	1.664525	-0.61614	-1.33978
2751	YHR197W	1.2086	1.2147	1.25475	-0.64406	-0.7672
2760	YHR206W	0.952075	1.11748	1.420025	-0.54684	-0.43468
2771	YHR215W	-0.403425	0.58796	-0.035625	1.51394	3.66646
2775	YHR219W	0.136875	0.36342	0.55595	2.10756	0.61622
2776	YIL001W	-1.088875	-1.31855	-1.3737	0.78844	-0.26806
2779	YIL004C	-0.741025	-1.07942	-1.3393	0.01862	-0.32008
2783	YIL008W	-0.5356	-0.45646	-0.159125	-1.25958	-0.68574
2787	YIL012W	0.100975	1.011225	1.535775	0.20836	0.0659
2789	YIL014C-A	-1.6622	-1.91938	-2.48925	-0.85626	-0.42108
2794	YIL018W	-0.5203	-0.88952	-1.22465	0.41605	0.3269
2795	YIL019W	1.39785	1.1139	1.4745	-0.92896	-0.79428
2796	YIL020C	-1.61125	-1.40125	-2.428175	-1.00672	-0.66
2800	YIL024C	1.25965	1.76334	1.710325	0.38048	-0.08602
2810	YIL034C	-1.909475	-1.61322	-2.87865	1.54118	1.33982
2812	YIL036W	1.44925	1.58876	1.444675	-0.47136	0.23602
2816	YIL040W	0.8503	0.95852	1.881525	-1.57178	-1.06434
2817	YIL041W	0.128525	0.19594	0.212175	1.49512	0.85446
2818	YIL042C	1.905425	1.5093	2.319625	-0.68382	0.21674
2825	YIL049W	0.72345	0.71414	0.3865	-0.58834	0.20298
2827	YIL051C	-0.5176	-1.2483	-1.26675	-3.223225	-0.12906
2829	YIL053W	0.897275	0.60965	-0.064225	0.172925	1.59286
2831	YIL055C	1.228975	0.7381	1.330075	0.9729	0.73142
2832	YIL056W	2.5787	2.6754	2.429675	-0.70994	0.77546
2835	YIL059C	1.14705	1.07164	1.2916	0.12198	-0.46964
2837	YIL061C	0.79885	0.56782	1.1816	0.3843	-0.22584
2838	YIL062C	-0.4171	-0.91172	-1.141725	0.8409	0.82766
2840	YIL064W	0.753425	0.7414	0.5974	-1.048	-0.63542
2857	YIL082W	0.8809	1.58386	1.0105	1.038575	-0.54502
2863	YIL087C	-0.204025	-0.40535	-0.0899	1.69884	1.097
2866	YIL090W	0.6297	0.7793	0.915275	-0.706375	-0.358
2867	YIL091C	1.89	1.33806	1.794125	0.0724	0.35552
2869	YIL093C	-0.714475	0.66774	0.145175	1.00728	0.9914
2870	YIL094C	-2.9621	-2.15584	-1.950625	0.26788	-0.35964
2872	YIL096C	1.253075	1.05596	0.885825	-2.02616	-1.54012
2879	YIL103W	1.00785	1.15168	1.52025	-0.4697	-0.19602
2880	YIL104C	0.19935	0.55608	0.5156	-0.93284	-0.89564
2883	YIL107C	1.79645	1.6269	0.51115	0.56598	0.88776
2886	YIL110W	0.37755	0.8249	0.6775	-0.92318	-0.73716
2887	YIL111W	-0.15435	-0.8828	-1.194875	3.36914	3.00172
2889	YIL113W	-0.78875	-0.77902	-1.431075	1.61722	0.90574
2894	YIL118W	2.621875	1.89848	1.778125	0.13808	0.42018
2899	YIL123W	-0.856125	-0.73886	-0.6543	0.82082	1.1988
2900	YIL124W	-0.652325	-1.05542	-1.66095	1.46798	1.06372
2903	YIL127C	2.705925	2.43264	1.80105	-1.3378	-0.81262
2917	YIL141W	0.23725	0.82206	1.468375	-0.39528	-0.22488
2920	YIL144W	-0.90185	-0.68264	-0.887425	0.10864	-0.47622
2929	YIL153W	-0.15345	-0.43906	-0.456625	0.53618	0.9636
2934	YIL158W	1.128025	0.66892	0.879775	-0.27792	1.2293
2940	YIL164C	-0.155775	0.44266	1.425975	-0.09508	-0.04364
2941	YIL165C	1.198125	1.77444	2.0665	0.54548	0.52712
2943	YIL167W	-0.35795	-0.65792	-0.537275	0.77782	0.203
2945	YIL169C	0.09635	-0.2622	-0.250175	1.743075	1.37534
2951	YIL175W	1.85395	2.9337	2.374125	-0.383766667	-0.48854
2954	YIR001C	-0.80255	-1.18622	-1.37135	0.05524	-1.24962
2955	YIR002C	-1.502025	-1.20104	-1.102025	-0.0234	0.22572
2961	YIR008C	0.38725	0.4661	0.424775	0.3362	-0.49782
2962	YIR009W	0.413525	0.63906	0.882875	0.12954	-0.4519
2964	YIR011C	3.7933	2.77838	1.534225	-0.96884	-0.29708
2965	YIR012W	1.182825	1.37496	0.870075	-0.78824	-0.39218
2969	YIR016W	0.562	0.51176	0.2847	1.26534	1.50644
2974	YIR021W	1.737925	1.97444	1.615625	-0.0986	-0.22582
2979	YIR026C	1.21645	2.115175	2.053475	-1.86736	-0.67352
2983	YIR030C	-0.081725	-0.31448	-0.238475	-0.181	-1.21488
2985	YIR032C	-0.7137	-0.72214	-0.570275	0.8954	0.91094
2988	YIR035C	-0.390725	-0.57685	-0.286725	1.60084	1.29244
2989	YIR036C	-1.108825	-1.0382	-1.56445	1.41804	1.43614
2990	YIR037W	-1.223225	-1.01766	-0.7365	1.9592	0.9777
2991	YIR038C	-0.5375	-0.32552	-1.0019	2.69638	2.46578
2996	YIR043C	-0.807725	-0.7768	-1.3404	1.40088	0.16262
3001	YJL004C	-0.67205	-1.28616	-0.7344	0.453475	-0.13516
3002	YJL005W	-0.5126	-0.215	-0.45105	1.15002	1.0318
3007	YJL010C	1.633375	1.3615	2.223875	-0.0967	-1.43722
3009	YJL012C	-0.1665	-0.19402	0.24045	1.35428	2.2314
3011	YJL014W	0.8153	0.3448	0.7546	-0.29528	-1.11248
3013	YJL016W	0.55695	1.0449	1.226	1.369	0.59888
3020	YJL026W	0.009475	0.13034	-0.1384	1.68875	0.39284
3021	YJL027C	1.03905	0.89446	1.24275	-0.086025	-0.2688
3024	YJL030W	-1.38505	-2.29632	-2.156975	0.27	0.13328
3027	YJL033W	1.44685	1.52852	2.128475	-1.10048	-0.26232
3028	YJL034W	-2.04655	-1.25668	-1.296525	-0.03306	-0.82112
3029	YJL035C	1.85975	2.02812	2.324825	-0.07366	-0.2756
3030	YJL036W	1.614725	1.1186	1.756475	0.4161	-0.61588
3039	YJL046W	-0.78065	-1.39872	-1.080325	-0.00432	-0.22806
3043	YJL050W	0.361575	0.55914	0.94305	-0.67305	0.66566
3045	YJL052W	-0.683225	-1.09032	-2.471325	2.353975	1.9966
3046	YJL053W	-0.310875	-0.78208	-0.909775	0.69302	1.07578
3049	YJL056C	0.306375	0.66914	2.6346	0.37974	-0.0179
3053	YJL060W	-1.745275	-1.48054	-1.812275	-0.01652	-0.38942
3058	YJL065C	-1.117425	-0.79275	-0.578975	-0.24624	-0.35454
3059	YJL066C	-0.536925	-0.51118	-0.522975	1.275125	0.69018
3061	YJL068C	-1.13345	-1.482	-2.010125	2.0856	1.50278
3062	YJL069C	1.5811	1.49046	1.34195	-0.86672	-0.98372
3072	YJL079C	1.83615	1.63094	1.753125	1.72066	0.94064
3077	YJL084C	0.626125	0.7626	1.117275	-0.78166	-0.23672
3080	YJL087C	0.038175	0.85168	1.483775	-0.14616	-1.09382
3083	YJL090C	0.7411	0.93302	1.3165	0.10194	0.1299
3084	YJL091C	-1.276425	-1.3169	-2.115	0.42482	-0.1966
3090	YJL097W	-0.7842	-1.08784	-1.2176	-0.26894	-0.78946
3093	YJL100W	1.319925	1.61926	2.1855	0.24588	0.73934
3101	YJL108C	2.216875	2.23498	1.128275	1.16068	1.99254
3103	YJL110C	1.201375	1.2261	1.252775	-0.065	-0.1694
3104	YJL111W	0.28315	0.68418	1.005525	-0.08154	-1.13132
3108	YJL115W	-0.39365	-1.08692	-1.4867	1.63046	-0.10084
3109	YJL116C	1.838625	1.91894	1.790575	0.80196	0.05954
3110	YJL117W	1.262	1.11334	1.3299	0.87886	1.26964
3113	YJL120W	0.360866667	0.1203	0.94715	1.14525	1.102566667
3115	YJL122W	2.97025	2.00208	1.959775	-1.07234	0.67418
3118	YJL125C	1.531	1.15056	1.199125	-0.42696	-0.9313
3127	YJL134W	-1.04435	-1.51088	-2.000775	0.30645	0.0746
3130	YJL137C	-0.34215	-1.23806	-2.0698	0.28652	0.49588
3135	YJL142C	0.24935	0.711	0.397875	1.10954	2.26534
3144	YJL151C	-0.615525	-0.82114	-0.750775	1.25488	2.2049
3151	YJL158C	-0.34565	-1.00125	-0.5484	0.899975	1.82028
3153	YJL160C	1.35965	1.16764	1.078625	0.827475	0.32906
3157	YJL164C	-0.98935	-1.05432	-1.916225	0.72254	0.41286
3158	YJL165C	1.14525	1.44164	0.950675	0.239	-0.16786
3166	YJL173C	-0.624425	-1.35482	-1.0615	0.05544	0.45194
3167	YJL174W	1.3046	1.11674	1.3143	-0.29678	0.49052
3170	YJL177W	-0.227025	-1.4293	-1.444225	0.06986	-0.20664
3172	YJL179W	-1.543575	-1.365425	-1.657025	-0.14374	-0.3852
3173	YJL180C	1.652775	1.61026	1.433525	-0.29416	0.03538
3175	YJL182C	2.404125	2.97468	2.941875	-0.515775	0.47505
3179	YJL186W	0.31535	-0.28992	-1.20975	0.33168	-0.8384
3193	YJL200C	0.098175	0.21794	1.081225	-0.8016	-0.3995
3199	YJL206C	1.100575	0.92154	0.414725	-0.27912	-0.06874
3201	YJL208C	1.29325	1.0623	0.7322	-0.73762	-0.52556
3202	YJL209W	1.362575	1.2588	0.685075	-0.06208	0.10666
3205	YJL212C	-0.551975	-0.92875	-0.856025	-1.06416	-2.0192
3210	YJL217W	-1.79715	-2.08998	-2.6058	-1.34966	0.46164
3211	YJL218W	-0.927025	-1.15402	-1.819375	1.8926	1.48262
3216	YJL223C	1.3006	1.90636	2.5025	-0.39262	-0.5573
3219	YJR002W	1.093425	0.90892	1.4473	-0.54166	-1.20332
3220	YJR003C	0.07855	0.79462	0.763075	-1.29432	-0.90798
3225	YJR008W	0.57345	1.04906	1.202225	0.3913	0.76262
3229	YJR011C	-1.130175	-1.6556	-1.2275	-0.53518	-0.75876
3231	YJR013W	-1.19265	-1.895425	-1.30765	0.00842	-0.2036
3234	YJR016C	-1.26055	-0.55182	-0.39325	-1.0339	0.0276
3243	YJR025C	-0.604625	0.109	1.05085	2.56438	0.65876
3244	YJR026W	-1.991625	-1.54896	-1.2805	-1.97488	-1.88358
3246	YJR028W	-2.102425	-1.6207	-0.806925	-1.0887	-1.26206
3250	YJR032W	-0.5923	-0.56926	-1.37345	0.32754	-0.71346
3251	YJR033C	-0.273025	-0.81302	-1.289225	0.27844	0.47324
3261	YJR043C	-0.075275	-0.3231	-0.518	0.66572	-0.75842
3264	YJR046W	-0.671925	0.23576	0.58365	-1.38186	-0.1244
3266	YJR048W	-1.718325	-2.26922	-2.42875	0.10784	-0.13098
3273	YJR055W	1.52245	1.60918	1.780975	-1.52158	-1.17546
3274	YJR056C	2.019775	1.68732	1.5814	-0.79622	-0.68956
3277	YJR059W	-0.262575	-0.442225	-0.138775	0.49634	0.73142
3280	YJR062C	0.841925	0.7661	0.4282	0.93318	0.00812
3281	YJR063W	1.545875	1.089575	1.902675	-1.15592	-0.455
3282	YJR064W	-0.1174	0.84918	0.6938	-0.72286	-0.66256
3285	YJR067C	-1.939025	-1.55304	-1.416975	0.51996	-0.27746
3287	YJR069C	-1.196825	-1.115475	-0.8468	-0.7439	-0.86056
3291	YJR073C	-0.469625	0.69312	2.364675	4.07906	2.40884
3292	YJR074W	-0.125275	0.0994	0.339525	0.302675	0.60096
3293	YJR075W	-1.173675	-0.78086	-1.1408	-0.53945	-0.88142
3303	YJR086W	-3.191825	-3.70544	-2.9556	-0.29706	-0.08184
3305	YJR088C	-1.304825	-2.13738	-1.99175	-0.58946	-0.13202
3307	YJR090C	1.14345	0.76262	1.05265	0.51564	0.2783
3308	YJR091C	-0.141125	0.9863	1.265425	0.3456	0.02928
3310	YJR093C	1.818675	1.3502	1.45545	-0.165275	-0.18974
3311	YJR094C	-0.6911	-1.80106	-2.15905	-0.77018	-0.778
3315	YJR097W	0.999975	0.75882	0.91035	-2.55728	-0.76792
3316	YJR098C	2.2886	2.2219	1.88285	-0.44656	-0.06416
3323	YJR105W	-0.624325	-0.2991	-0.2933	1.45935	1.74724
3326	YJR108W	-0.0523	-0.4541	-0.454175	0.16614	-0.56692
3327	YJR109C	0.639625	2.26884	4.523825	-0.119675	0.35356
3328	YJR110W	1.041475	1.32388	1.213325	0.1287	0.25344
3329	YJR111C	3.7789	5.12918	4.2459	-0.518825	-0.11432
3335	YJR117W	-0.79715	-0.87128	-1.18705	0.7523	-0.08088
3337	YJR119C	1.748675	1.22882	1.634425	-1.0277	-0.03514
3340	YJR122W	-0.91525	-1.2678	-1.520775	0.1526	0.26814
3345	YJR127C	0.420525	0.57042	0.862625	0.73552	0.3132
3347	YJR129C	-1.234975	-1.08468	-1.6532	-1.60542	-0.94554
3348	YJR130C	1.1133	1.73292	2.114475	0.2537	0.20976
3353	YJR135C	-1.29145	-1.25148	-1.529225	-0.12856	-0.2928
3360	YJR142W	-0.50765	-0.66928	-1.0992	0.5243	-0.87338
3365	YJR147W	-0.94055	-1.49216	-1.8792	-0.024	0.05026
3367	YJR149W	0.005	0.89406	0.961975	-0.81072	-0.7474
3373	YJR155W	0.51225	1.740275	1.719225	1.30834	0.1071
3378	YJR160C	-0.46885	-0.68304	-0.94095	-0.47496	-0.38842
3379	YJR161C	-1.422525	-1.00628	-1.49655	1.175775	0.42076
3380	YJR162C	2.145525	1.87428	2.27095	0.55064	1.12534
3381	YKL001C	-0.858575	-1.342975	-0.53945	1.50575	-0.95476
3382	YKL002W	0.493925	0.7693	0.636125	1.17984	1.91684
3388	YKL007W	-0.224925	-0.83058	-1.07295	1.55042	1.2101
3389	YKL008C	0.17555	-0.156425	-0.323575	-0.90984	-1.5121
3390	YKL009W	2.223425	2.03012	2.4841	-1.78126	-0.94122
3393	YKL012W	1.1829	0.91308	1.03015	0.53534	0.54576
3395	YKL014C	-0.34775	0.53556	0.9972	-0.55322	-0.62746
3396	YKL015W	0.442975	1.02234	1.6951	-0.52506	-0.27496
3402	YKL021C	1.55465	0.71982	0.88195	-0.79892	-0.066
3406	YKL025C	0.704525	0.67996	0.594825	0.3504	0.72548
3416	YKL035W	-1.26635	-1.19848	-1.4361	1.44412	1.0302
3424	YKL043W	0.42275	0.68268	0.42715	1.20346	1.79684
3433	YKL052C	1.59055	1.65266	1.283675	0.26234	0.88136
3434	YKL053W	2.1278	1.45068	0.970725	0.2268	1.52764
3436	YKL055C	1.900866667	1.6162	1.321566667	0.378125	1.425675
3442	YKL061W	3.458575	3.565125	2.1478	0.74532	0.2043
3448	YKL067W	-1.035125	-1.77292	-1.566525	2.3391	0.78766
3450	YKL069W	-1.38355	-2.49326	-2.4951	0.16668	0.71004
3455	YKL074C	0.6781	1.23632	0.993575	-1.127475	-0.35236
3459	YKL078W	1.01845	1.579125	2.09385	-1.62878	-1.08296
3463	YKL082C	1.85945	2.2569	2.39105	-0.82796	-0.71446
3466	YKL085W	-1.39695	-1.48898	-1.33395	0.40445	-0.15112
3468	YKL087C	1.640825	1.08794	0.943025	0.100375	0.51954
3470	YKL089W	-0.600725	-1.0211	-0.94665	0.73792	-0.00644
3472	YKL091C	-1.108	-2.01618	-1.509225	0.5158	1.1481
3477	YKL096W	0.030975	-0.98794	-2.389775	4.2424	4.68546
3481	YKL099C	2.41355	2.29985	2.3041	-1.62566	-1.0831
3484	YKL102C	1.402733333	0.462766667	1.0631	1.182166667	0.3363
3485	YKL103C	-1.505166667	-1.98204	-2.3822	1.81014	1.153025
3489	YKL107W	0.057575	-0.70856	-1.11115	1.097675	1.075
3490	YKL108W	0.60325	0.55012	-0.38465	1.28868	0.62078
3492	YKL110C	1.471625	0.64882	0.48975	-1.2578	-0.76992
3494	YKL112W	-1.187825	-1.18186	-1.914225	0.4743	0.20294
3495	YKL113C	-0.155075	-1.0191	-0.88955	-0.75934	-1.48416
3505	YKL123W	2.6023	2.33558	1.49305	-0.57916	0.06954
3509	YKL127W	-0.8285	-0.85392	-1.4576	-0.57965	0.22186
3510	YKL128C	-0.754525	-0.45862	-0.098725	0.7294	-0.1891
3524	YKL142W	-1.01165	-1.6558	-1.916425	1.7513	2.03202
3525	YKL143W	1.379325	0.82296	0.73305	-1.62012	-0.97678
3531	YKL149C	1.073075	0.8079	0.0728	-0.37162	-1.17852
3533	YKL151C	-0.026025	-0.33612	-1.39365	0.80016	0.72656
3537	YKL155C	1.08255	1.3691	1.42015	-0.73922	0.46948
3545	YKL164C	-0.25565	-0.2474	-0.910125	1.77462	-1.09114
3547	YKL166C	1.2842	0.9148	1.3973	-0.31152	-0.28402
3548	YKL167C	1.0412	0.58506	0.91875	0.01644	0.44056
3550	YKL169C	1.40095	1.56458	0.661375	0.33646	1.03996
3551	YKL170W	1.86415	1.29398	1.1197	-0.00832	0.02812
3553	YKL172W	1.286175	0.89648	0.962675	-1.57874	-0.944
3556	YKL175W	1.174625	1.47714	1.63385	-0.32376	-0.0636
3563	YKL182W	-0.5863	1.1933	0.9537	-1.933966667	-2.045033333
3570	YKL189W	1.701575	1.15782	0.508025	0.59122	0.34904
3574	YKL193C	-0.21045	-0.63054	-0.742725	0.10744	-0.51986
3576	YKL195W	1.1717	1.06664	1.48395	-0.12156	0.07254
3583	YKL204W	-0.413	0.03818	-0.386825	-1.09524	-0.92934
3587	YKL208W	-1.1667	-1.0968	-0.677775	0.23474	0.5924
3595	YKL216W	-0.61985	-0.76898	-1.26685	-2.88694	0.79558
3598	YKL219W	-0.784225	-0.92812	-1.2474	-0.18184	0.2303
3601	YKL222C	-1.202	-1.2806	-0.788325	-0.20064	-0.63328
3603	YKL224C	0.65645	1.40214	2.357375	-0.45235	0.13042
3606	YKR002W	1.42885	0.98202	1.0862	-0.31336	0.0769
3607	YKR003W	-0.6305	-1.223125	-1.50585	-0.27296	-0.91308
3617	YKR013W	-0.5736	-0.56016	-0.5381	2.84274	2.16928
3621	YKR017C	1.0108	1.8008	1.7351	0.36816	0.03244
3627	YKR023W	1.639825	1.34186	0.727925	-0.477425	-0.53164
3628	YKR024C	1.68455	1.78574	1.899775	-1.52016	0.09224
3631	YKR027W	0.7969	0.91734	1.138725	0.91818	-0.3853
3639	YKR035C	1.6729	1.5752	2.0194	-0.118075	0.28546
3641	YKR037C	-1.4442	-1.30444	-0.9754	0.31328	-0.04528
3643	YKR039W	1.606475	1.27232	1.103275	-0.03582	2.43292
3644	YKR040C	1.117525	1.21464	2.069225	0.189625	0.63246
3655	YKR051W	1.77235	1.56538	1.2746	-0.4644	0.17876
3656	YKR052C	1.17945	1.58078	1.132675	0.65892	0.0946
3659	YKR055W	-0.567775	-0.82504	-1.06965	-0.21724	-0.58346
3660	YKR056W	0.787275	0.842925	1.606	-0.5602	0.03958
3664	YKR060W	0.868775	0.63088	0.7495	-1.01122	-1.21324
3665	YKR061W	2.211075	1.5689	1.09305	-0.5351	0.20874
3670	YKR066C	-0.698175	-0.94702	-1.046525	0.8883	1.1573
3674	YKR070W	-1.33015	-1.106325	-1.770525	0.2892	-0.42516
3679	YKR075C	3.8784	0.27418	-1.75005	-1.28898	0.02376
3680	YKR076W	-0.5503	-0.7485	-1.762425	1.63264	0.40716
3681	YKR077W	-1.173075	-1.5852	-1.286075	1.34656	0.10818
3682	YKR078W	1.022125	1.13346	0.872925	-0.99382	-0.7328
3684	YKR080W	1.363725	-0.09542	-0.9458	-0.18426	2.90406
3685	YKR081C	1.8436	1.79976	2.20775	-1.42842	-1.3345
3691	YKR087C	1.18575	1.39475	1.519675	-0.150375	-0.18736
3697	YKR093W	-0.850075	-0.87088	-1.310825	0.97104	0.74776
3704	YKR100C	1.2663	1.84126	1.905475	0.62066	0.02228
3721	YLL011W	2.40715	1.34052	1.222925	-0.67842	-0.80992
3722	YLL012W	2.00835	1.6669	2.331733333	0.45764	0.36974
3727	YLL017W	1.48215	1.27018	0.27665	0.87602	1.0612
3730	YLL020C	0.756825	1.27132	1.035025	0.14982	0.38546
3734	YLL024C	-0.9771	-1.414475	-1.384525	0.5364	-0.8347
3736	YLL026W	-1.893425	-1.952566667	-2.4375	0.34592	0.36194
3738	YLL028W	0.7838	2.00306	2.420975	-0.17362	0.28208
3745	YLL035W	0.62935	1.07564	0.838475	-0.80512	-1.21712
3746	YLL036C	1.2617	1.33466	1.854	-0.59854	-0.80724
3765	YLL055W	-0.000475	0.62366	0.94455	0.5501	0.83842
3770	YLL060C	1.20695	1.34948	1.4598	0.74148	1.00606
3772	YLL062C	-1.328125	-1.75258	-3.024625	1.17988	-1.04072
3774	YLL064C	0.656925	1.0002	1.540525	-0.08256	-0.20454
3779	YLR002C	1.933	1.98454	2.156325	-0.84038	-0.09214
3780	YLR003C	0.327675	1.4074	0.989525	-1.5585	-0.499
3784	YLR007W	1.842275	1.14776	1.193425	-0.82074	-0.15656
3786	YLR009W	2.4237	2.6531	3.27255	-1.111325	1.06078
3790	YLR013W	0.606875	0.6084	0.392	0.97552	0.65954
3798	YLR021W	-0.565475	-0.99114	-1.48245	-0.27766	-0.44258
3804	YLR027C	-1.7678	-2.0616	-1.7961	0.1492	0.29482
3813	YLR036C	-0.413775	-0.654225	-0.56835	-1.39916	-0.35252
3819	YLR042C	1.288975	0.21532	-0.576775	0.69656	1.69748
3823	YLR046C	-1.259325	-0.42895	-0.8078	0.49955	-0.37128
3826	YLR049C	-1.0427	-1.71752	-1.895925	1.7694	-0.60354
3827	YLR050C	-0.764225	-1.175375	-1.278425	0.99084	0.2604
3828	YLR051C	2.994125	1.72988	1.693675	-1.47302	-0.27264
3829	YLR052W	1.13965	-0.03522	-0.39135	-0.33728	-0.97282
3835	YLR058C	0.2679	-0.69646	-1.69895	0.34878	2.87084
3837	YLR060W	-0.4044	-0.07942	-0.30775	0.75022	-0.711
3843	YLR066W	-1.7681	-1.76712	-1.86085	-0.39738	-0.90666
3844	YLR067C	1.689575	1.97144	2.08815	0.00858	-0.44638
3845	YLR068W	1.537	1.81892	2.435225	-1.80848	-1.6096
3848	YLR071C	0.016575	1.01698	1.19085	-0.03644	0.02018
3851	YLR074C	1.9995	2.14986	1.964575	-0.91382	-0.3221
3858	YLR081W	2.2668	0.80294	0.726533333	-0.072775	0.7719
3876	YLR099C	2.7135	2.982366667	3.14135	-1.205033333	0.6114
3879	YLR102C	-1.8543	-1.80982	-1.155475	-0.25986	-0.27618
3880	YLR103C	-0.7232	-1.36548	-1.921025	1.01462	0.19396
3884	YLR107W	2.603225	2.433225	1.753075	-0.97628	-0.53412
3885	YLR108C	-1.20595	-0.9386	-1.59675	0.8243	0.6612
3886	YLR109W	-0.5528	-1.18065	-1.208775	1.326725	1.5681
3889	YLR112W	-1.68505	-1.75608	-2.295466667	0.9222	0.32748
3892	YLR115W	-0.4401	-0.30716	-0.381325	0.16708	-0.57026
3894	YLR117C	1.09235	1.12196	1.65155	0.18368	0.11416
3895	YLR118C	-1.00305	-1.1169	-0.710075	1.35104	1.10514
3898	YLR121C	1.220225	1.38288	1.62805	-0.42608	0.13612
3906	YLR129W	1.0519	0.83966	1.549075	-0.99318	-0.88054
3907	YLR130C	0.946325	1.22296	1.293025	-1.19112	-1.26502
3909	YLR132C	-0.782025	-0.8513	-0.181175	0.7114	-0.17366
3912	YLR135W	-1.043	-0.72404	-1.130725	0.62014	0.21014
3914	YLR137W	0.7245	0.52312	0.77025	0.62946	0.86402
3920	YLR143W	1.5005	1.437775	0.5904	-0.2958	-0.58306
3922	YLR145W	1.266525	0.55894	0.373025	-0.53224	0.31236
3923	YLR146C	0.44685	0.43234	0.912975	-1.5637	-0.89042
3924	YLR147C	1.550775	0.85532	1.30425	-0.46262	0.37048
3925	YLR148W	-1.226275	-1.42278	-0.832575	-0.19332	-0.15578
3926	YLR149C	-0.309625	-0.63032	-0.684425	1.349825	1.09658
3928	YLR151C	-0.5812	-1.517	-2.052775	0.4997	-0.07608
3931	YLR154C	-1.413775	-2.1566	-2.3395	0.28634	-0.29388
3934	YLR157C	-0.622875	-0.81536	-0.455575	0.32694	0.83648
3955	YLR178C	0.68585	1.00356	0.676475	2.27392	1.65024
3958	YLR181C	-0.95105	-1.288075	-1.549125	-0.29406	-0.27924
3960	YLR183C	-0.7089	-1.6448	-2.1591	1.65624	-0.3312
3968	YLR191W	1.41355	1.0829	1.5223	-0.05744	-0.49452
3973	YLR196W	1.239575	1.66246	1.5434	-1.30886	-0.79352
3974	YLR197W	0.575275	0.742475	1.14315	-1.079125	-0.59246
3981	YLR204W	1.066275	0.77628	1.144525	-0.75298	-0.19258
3982	YLR205C	0.976875	1.00664	1.268975	0.259925	1.62368
3983	YLR206W	0.064625	-0.16674	-0.4576	-1.03362	0.03058
3989	YLR212C	-1.681966667	-1.2734	-1.693175	1.476575	-0.85492
3990	YLR213C	0.16405	0.25906	0.522425	-0.9209	-0.6131
3992	YLR215C	1.820425	1.29118	1.119425	-0.59494	-0.8657
3993	YLR216C	-1.228225	-1.8752	-2.107925	-0.26588	-0.88136
3994	YLR217W	-1.34505	-1.28636	-1.15315	0.03666	-1.94518
3998	YLR221C	1.928475	1.84012	2.37255	-0.84558	-0.64076
4000	YLR223C	2.368975	2.23078	2.093075	-0.72316	-0.39088
4001	YLR224W	3.24395	2.33018	2.05685	-0.54614	0.49458
4002	YLR225C	5.32195	4.21414	3.922625	0.391175	0.73364
4004	YLR227C	2.72265	1.79122	1.31475	-0.114975	0.38066
4006	YLR229C	0.56125	0.57286	0.130975	0.5287	0.86796
4008	YLR231C	-1.107675	-0.97794	-1.78135	-1.01022	-0.0253
4020	YLR243W	1.7005	1.54932	1.489125	-0.918025	-0.74236
4030	YLR253W	0.63015	0.81516	1.042375	-0.06326	-0.02344
4036	YLR259C	-1.4204	-1.47904	-1.850725	0.57138	-0.36226
4041	YLR264W	-2.871925	-2.5236	-2.764575	-0.50376	-0.24094
4042	YLR265C	-1.31915	-0.53038	-0.2031	-0.7384	-0.9109
4048	YLR271W	-1.0237	-0.8855	-1.435675	0.54544	0.09518
4052	YLR275W	1.6929	1.52832	2.0074	-0.25688	-0.3001
4055	YLR278C	-1.17555	-1.238625	-0.997075	0.15576	-0.33076
4061	YLR284C	0.650925	0.7851	0.825675	0.73976	0.69838
4064	YLR287C	-0.600875	-0.847	-0.946725	-0.81854	-1.38416
4066	YLR288C	-0.807325	-1.09944	-0.89595	-0.11282	-0.5736
4074	YLR296W	0.388975	0.576425	0.753466667	0.76724	1.2608
4076	YLR298C	2.50165	1.49298	2.151125	-0.0082	-0.42542
4078	YLR300W	0.16345	0.9538	1.327525	0.68396	0.04564
4082	YLR304C	-1.365225	-1.32098	-2.14245	-1.51024	-0.19092
4095	YLR317W	-0.74375	-0.93046	-0.75315	0.391225	0.27574
4096	YLR318W	1.10485	0.98704	0.894875	0.46738	0.52476
4104	YLR326W	-0.466775	-1.1002	-1.83785	1.03918	0.286
4106	YLR328W	-0.815725	-0.7104	-1.239825	0.21748	-0.5327
4110	YLR332W	2.359525	0.99866	0.267825	0.04316	-0.37534
4121	YLR343W	1.2421	2.527	3.0477	-2.138933333	-0.5627
4123	YLR345W	1.5393	0.83302	-0.504475	1.105125	0.81342
4126	YLR348C	-0.6611	-0.7666	-0.6905	-2.17092	0.01492
4134	YLR356W	0.095825	-0.38386	-0.844	1.096975	1.07226
4138	YLR360W	-1.106025	-1.2568	-1.300675	-0.28138	0.22088
4139	YLR361C	-0.975775	-0.4925	-0.759925	0.73668	0.2137
4142	YLR364W	-0.86195	-1.03022	-1.315225	-0.20942	-0.37508
4148	YLR370C	-0.982875	-1.81856	-1.63885	1.5641	0.53276
4149	YLR371W	0.8344	0.83196	0.80715	0.52278	0.7843
4165	YLR387C	1.449625	0.75542	1.669625	-0.02204	-0.66886
4169	YLR390W-A	0.21145	0.61962	0.27185	1.266275	1.74022
4170	YLR392C	1.773925	1.3122	1.09025	0.2566	0.14076
4177	YLR399C	-0.785025	-0.83408	-1.211575	-0.203	-0.81908
4182	YLR404W	-0.96415	-0.71628	-1.5087	-0.071025	-0.61026
4189	YLR411W	1.832966667	1.28752	1.477725	-0.21808	0.18844
4191	YLR413W	-0.33845	0.66632	0.442475	-5.3012	-3.49742
4192	YLR414C	-1.94435	-1.14262	-1.82485	0.80548	1.08814
4198	YLR420W	-0.550875	-0.83334	-1.729575	-1.65284	1.1562
4205	YLR427W	0.125475	0.46206	1.17995	0.289	0.84674
4213	YLR435W	0.392	0.27704	-0.095475	-1.40266	-0.84046
4216	YLR438W	-1.100775	-1.8998	-3.101125	-0.20994	1.56014
4226	YLR448W	-0.271375	-0.95612	-0.875975	0.47818	0.18382
4229	YLR451W	-0.12455	-0.09004	0.951175	-0.15008	-0.27826
4230	YLR452C	-0.43145	-0.71516	-0.839625	0.81854	0.4532
4237	YLR459W	-0.902575	-0.80036	-0.824825	-0.31886	-0.13264
4239	YLR461W	0.4884	1.60094	2.0917	-0.2243	-0.33554
4242	YLR464W	-2.406275	-1.39144	-0.75345	0.488475	-0.60874
4244	YLR466W	0.64605	0.099125	0.457475	2.12374	0.4607
4246	YML001W	-0.66935	-0.7489	-0.74195	0.74956	-0.10692
4252	YML007W	1.469025	1.176675	1.539675	-0.908475	-0.19978
4254	YML009C	-0.6462	-0.869175	-0.338775	-0.987375	0.54216
4258	YML011C	1.5298	0.55442	-0.28085	-0.24434	0.3328
4260	YML012W	-0.7349	-0.9577	-1.653325	0.3117	0.2302
4262	YML014W	0.1648	-0.10708	0.498975	-1.36715	-0.63844
4265	YML017W	-0.971025	-1.426975	-0.62015	0.15955	0.58224
4266	YML018C	0.853425	1.61842	1.347675	-0.9047	-0.77932
4267	YML019W	-0.60335	-0.90354	-0.623975	-0.32606	-1.03166
4275	YML027W	-1.03865	-0.57736	-0.422775	1.83426	-0.1515
4276	YML028W	-0.923175	-1.38246	-1.4621	1.02805	1.06914
4279	YML031W	0.729875	0.69592	0.9301	-0.4474	-0.08296
4280	YML032C	-0.0874	0.48712	1.0197	-0.80702	-0.60714
4285	YML036W	-0.968475	-1.4345	-1.361475	-0.61486	-1.19722
4287	YML038C	0.955325	1.0611	1.055675	0.4442	-0.21696
4290	YML041C	0.767175	0.90356	0.458975	-0.67802	-0.32202
4291	YML042W	0.348225	0.160325	1.2092	0.3416	-0.32288
4292	YML043C	2.647	1.37	1.4134	-0.9097	-0.8801
4294	YML046W	0.369825	0.6918	1.471875	-0.0141	-0.24088
4295	YML047C	2.7179	2.41224	2.21935	0.52576	2.65106
4308	YML058W	-2.322	-2.26304	-0.937325	-1.1552	1.32486
4310	YML060W	-0.376625	-0.4151	-0.7515	-0.20446	-1.1102
4314	YML064C	-0.43825	-1.27466	-1.483025	-0.02604	0.29808
4317	YML067C	-1.151225	-0.71208	-1.215325	-0.02652	0.24624
4318	YML068W	-1.112025	-0.7019	-0.9756	0.07978	0.30352
4319	YML069W	-0.1078	-0.49652	-0.21865	0.6958	-0.09756
4324	YML074C	-0.361575	-0.34552	0.074825	0.43836	-1.40466
4326	YML076C	-0.2277	0.3787	1.4211	-0.0387	-0.20556
4328	YML078W	-1.2901	-0.63146	-0.9649	0.93286	0.5269
4329	YML079W	-1.537725	-1.20002	-0.8628	1.06658	0.59558
4330	YML080W	1.683925	1.84355	1.594975	-1.01058	-0.82424
4338	YML088W	0.851125	1.15512	2.08675	-0.61136	-0.4119
4343	YML093W	1.365225	1.15234	1.49025	-1.01694	-0.6815
4348	YML097C	1.36365	1.17706	1.285475	-0.11564	-0.18256
4351	YML100W	-0.814575	-1.32672	-2.126666667	1.15442	1.66464
4359	YML106W	-0.1792	-0.84958	-0.862925	0.1882	0.87184
4363	YML110C	-1.11975	-0.61362	-0.82515	1.57876	0.1676
4365	YML112W	1.250375	0.4312	0.13445	-0.33144	-0.6218
4369	YML116W	0.669875	1.83398	2.274725	-0.3089	0.19262
4370	YML116W-A	0.641475	1.10252	0.538325	1.02814	1.32874
4374	YML120C	-0.687625	-0.96386	-0.844675	0.08838	0.003
4377	YML123C	0.6712	2.05086	1.08075	1.99238	2.0159
4379	YML125C	0.764	0.58152	0.57515	-1.7507	-0.85722
4384	YML130C	1.635225	1.85085	1.645125	-0.64904	-0.65842
4385	YML131W	-1.28925	-1.16196	-1.98435	-0.29236	-0.53018
4386	YML132W	-0.6451	-1.05568	-1.446775	0.9257	0.00842
4387	YML133C	-0.027325	0.16392	0.42395	2.0363	0.41454
4393	YMR006C	0.085975	0.23314	0.145825	-4.04252	-3.5386
4396	YMR009W	-1.657225	-1.65786	-2.356975	0.38784	0.24784
4397	YMR010W	1.282675	1.21888	0.541125	0.28302	-0.10894
4398	YMR011W	6.51535	4.92302	0.8881	-0.335	1.50416
4401	YMR014W	1.592075	1.58	1.747975	-1.2502	-0.89986
4412	YMR025W	-0.533475	-1.24216	-1.390875	0.11952	-0.1855
4414	YMR027W	-0.607425	-0.67114	-1.086575	0.826	0.3412
4416	YMR029C	-0.598175	-0.51634	-0.7649	0.90938	0.31268
4423	YMR035W	-1.936425	-1.88766	-2.409825	-0.2684	0.1147
4426	YMR038C	-1.283775	-1.69354	-2.2153	-0.90148	-0.3708
4432	YMR044W	0.851675	1.07038	0.8154	0.03622	-0.28782
4437	YMR049C	3.0037	2.88404	2.4736	-1.23882	0.06942
4439	YMR051C	-1.965775	-1.80962	-1.318175	-0.97446	-1.7198
4447	YMR058W	-1.18825	-1.21772	-0.80105	2.09668	1.64056
4448	YMR059W	1.72275	1.47764	1.19665	-0.46488	-0.3517
4456	YMR067C	-0.295275	-0.14295	0.24665	-0.67634	-0.91278
4466	YMR076C	-1.166675	-1.395275	-1.829025	1.00648	0.16756
4481	YMR090W	0.3556	0.7617	0.6618	2.4762	1.2369
4484	YMR093W	1.616375	1.28334	1.26725	-0.0073	-1.14572
4490	YMR099C	-0.95025	-1.742825	-2.066225	0.46156	0.34812
4494	YMR103C	1.655075	1.44096	0.33945	0.7299	1.9456
4496	YMR105C	0.171375	0.64878	-0.1138	2.65165	1.6298
4497	YMR106C	-0.486725	-0.65976	-1.2512	0.35258	0.2705
4512	YMR120C	-0.02395	-0.6928	-2.436575	0.57936	2.89128
4518	YMR126C	1.25295	1.5781	1.61715	-0.11718	-0.35766
4524	YMR132C	-0.566175	-0.87666	-0.741025	-0.30838	-1.04886
4527	YMR135C	0.934675	0.66894	0.38635	-0.01984	1.37356
4529	YMR136W	2.4181	2.4583	1.135	0.30172	0.30734
4534	YMR141C	3.035725	2.302	1.7555	1.28626	-0.36818
4537	YMR144W	-0.4769	-0.91064	-1.177775	0.97638	-0.17038
4539	YMR146C	-0.136975	0.83924	1.021	-0.33922	0.70688
4544	YMR151W	1.281725	1.50855	0.725425	-0.26036	0.26048
4545	YMR152W	-0.35555	-0.808775	-1.129325	0.95626	-0.02856
4546	YMR153C-A	-1.086625	-1.31764	-0.844625	0.00218	-0.23498
4561	YMR166C	-0.770475	-0.61634	-0.83765	-0.0755	-0.72842
4562	YMR167W	-1.0097	-1.10974	-0.656425	0.3239	-0.23148
4563	YMR168C	-0.943375	-1.0145	-0.785625	0.080425	0.15162
4569	YMR173W	0.70255	1.1416	1.313925	5.38926	3.00134
4570	YMR173W-A	2.127175	1.6338	1.5236	6.3602	3.22752
4574	YMR177W	1.3841	1.5121	2.4274	-0.19638	-0.84332
4575	YMR178W	-0.997775	-0.2878	-0.9162	0.4094	0.05342
4577	YMR180C	0.78835	0.72362	0.62655	1.09012	0.77534
4581	YMR184W	-0.377125	-1.34826	-0.802025	-0.3618	-0.00716
4585	YMR188C	1.181725	0.79224	1.557125	0.058	0.70824
4586	YMR189W	-1.339325	-1.06024	-1.9073	0.66022	1.23866
4588	YMR191W	0.58395	0.62198	0.038875	-0.2676	1.3728
4591	YMR193W	-0.561575	-1.00124	-0.8649	0.10776	-0.4031
4593	YMR195W	3.1558	3.1667	2.25685	0.4787	1.995875
4601	YMR203W	-0.966975	-0.88586	-0.749075	0.935575	0.65262
4605	YMR207C	-0.500475	-0.7091	-0.51595	0.7184	-0.3973
4606	YMR208W	-1.57895	-1.01206	-0.337475	-0.6085	-0.2297
4609	YMR211W	1.461975	1.42954	1.8404	-0.7392	-0.8032
4610	YMR212C	1.17875	1.76928	2.624175	-0.205	-0.92654
4624	YMR226C	-0.64105	-0.9886	-0.86875	1.78038	1.65664
4627	YMR229C	0.88695	1.16922	1.023625	-0.61565	-0.48398
4634	YMR236W	-1.7101	-2.16998	-2.212725	0.30406	-0.23224
4637	YMR239C	0.86005	1.50925	1.1596	-0.50084	-0.89826
4639	YMR241W	-0.84145	-1.0859	-1.5178	-0.60658	-0.03288
4642	YMR244C-A	0.293625	0.60824	0.250175	-1.204925	-1.20182
4643	YMR244W	-0.942225	-1.172625	-0.7952	-0.37548	-0.4523
4644	YMR245W	0.49235	-0.1655	0.110675	-2.3692	-0.6002
4645	YMR246W	2.43135	2.43326	2.396725	-6.93478	-4.50158
4647	YMR250W	-0.7011	-0.66755	-1.7519	3.3879	1.276525
4649	YMR251W-A	-1.029675	-0.328775	-0.384666667	5.38945	4.02608
4663	YMR265C	0.764375	1.18596	1.61845	-0.97246	0.13678
4665	YMR267W	1.763825	0.76196	0.742975	-0.79486	0.02392
4667	YMR269W	0.7422	0.563975	1.03745	-1.6506	-0.835
4672	YMR274C	1.46625	1.67578	1.6804	-0.65466	-0.78002
4679	YMR281W	1.626925	1.25478	1.05315	-0.0171	0.05366
4683	YMR285C	1.5979	1.33695	1.6208	0.495	0.49562
4688	YMR290C	0.922425	1.45155	1.452625	-0.85194	-0.49242
4698	YMR298W	-1.12205	-1.75884	-1.74395	-0.61138	-0.22736
4705	YMR304W	0.136575	0.05168	-0.1636	1.41312	-0.04764
4713	YMR312W	-1.66375	-1.88464	-2.6115	-0.5412	-0.86472
4716	YMR315W	-0.412975	-0.75734	-1.4204	2.582825	1.32818
4722	YMR319C	1.180875	1.94656	1.780075	-0.84468	-1.47008
4723	YMR320W	2.79725	1.8224	2.371725	-0.76614	-0.50112
4731	YNL002C	1.835175	1.83772	2.25595	-2.0765	-0.26376
4735	YNL006W	-1.15745	-1.70996	-2.02875	-0.09926	-0.17736
4736	YNL007C	-2.5663	-2.92534	-2.2699	0.05494	0.24978
4741	YNL012W	-1.1298	-0.4843	-0.32395	-0.6044	-0.33346
4744	YNL015W	-0.58065	-0.8872	-0.905	1.78955	1.60768
4745	YNL016W	-1.141725	-0.83166	-0.583575	0.66036	-1.07468
4753	YNL024C	5.3103	4.75922	6.255675	-0.84502	-0.1265
4764	YNL035C	-0.4746	-0.40976	-0.5203	-0.2558	-0.69622
4765	YNL036W	8.71045	7.56224	6.455125	5.79268	6.65858
4766	YNL037C	-3.27835	-2.784825	-3.259525	-2.35666	0.81254
4771	YNL042W	2.23635	2.34734	2.172925	-0.58056	-0.5673
4772	YNL043C	-1.1006	-1.0202	-0.9406	0.26118	0.73004
4773	YNL044W	-1.4195	-1.58252	-1.64425	0.32788	0.1742
4775	YNL046W	-1.22165	-1.02034	-0.83795	0.54498	-1.00074
4777	YNL048W	0.848725	1.018525	0.837775	0.03994	-0.16576
4789	YNL061W	1.9762	1.91124	2.27495	-0.56284	-0.60264
4793	YNL065W	3.225075	2.64652	2.5711	-2.0721	-0.36788
4799	YNL071W	-0.805625	-0.70022	-1.209125	1.333	0.54422
4801	YNL073W	1.20675	1.3526	1.049725	0.05755	0.4107
4803	YNL075W	1.846225	1.99532	1.60425	-1.13008	-1.16052
4804	YNL076W	1.214125	0.46852	0.384675	0.159225	0.37194
4807	YNL079C	-1.6494	-1.1347	-1.4123	-0.4815	-0.3145
4808	YNL080C	1.090675	1.1392	1.169225	0.745775	0.18866
4811	YNL083W	0.852875	1.82394	1.180625	-0.60446	0.04032
4813	YNL085W	-1.389566667	-0.40074	-0.223375	-0.03288	-1.23242
4818	YNL090W	-0.18845	-0.5012	-0.66985	0.8298	0.4015
4824	YNL096C	-0.9085	-1.36998	-1.298075	1.482225	0.08764
4825	YNL097C	1.6608	1.12738	1.388675	0.6002	0.39398
4826	YNL098C	-0.077325	-0.63378	-1.21135	2.13506	1.38158
4827	YNL099C	-1.339	-1.97466	-1.9116	0.03772	0.7852
4828	YNL100W	1.64095	1.64274	1.81445	-0.779925	0.56364
4832	YNL104C	0.0999	1.60898	2.191625	-0.2279	0.30088
4835	YNL107W	1.6788	1.06076	1.1306	-0.4952	-0.3268
4838	YNL110C	2.810575	2.43432	1.726975	-1.7643	-0.93692
4840	YNL112W	4.140425	4.59444	4.129725	-5.3939	-3.02486
4842	YNL114C	1.319725	0.52786	0.35895	-0.60808	-0.5923
4844	YNL116W	-1.1874	-0.6997	0.1977	0.0293	-0.31874
4847	YNL119W	1.555475	1.69696	2.11295	-0.7372	-0.65852
4851	YNL123W	1.570375	1.24232	1.59895	-0.34914	0.48964
4852	YNL124W	2.29465	2.63085	2.384775	-0.75844	-0.54412
4860	YNL132W	0.497175	0.96066	1.4602	-0.92054	-1.010725
4862	YNL134C	-0.22305	-0.58116	-1.062175	2.3985	1.78716
4869	YNL141W	0.628775	0.9205	1.0265	-1.79714	0.02002
4872	YNL144C	1.59785	1.12514	0.026875	-0.981525	0.66758
4879	YNL151C	0.872875	0.81038	0.8976	-0.907275	-0.69994
4883	YNL155W	-0.5885	0.04378	0.673725	-1.30546	-1.49524
4884	YNL156C	1.2524	1.03014	0.8251	0.71704	0.68956
4887	YNL159C	-0.980075	-0.97192	-1.821125	0.8099	0.4791
4888	YNL160W	-0.837425	-1.0623	-1.05805	3.12666	0.99562
4894	YNL166C	-0.5489	-1.06138	-1.03875	0.27984	-0.17392
4896	YNL168C	-1.43025	-1.942975	-2.710225	0.46812	0.4726
4897	YNL169C	0.12945	0.772725	1.1502	1.15086	-0.08006
4901	YNL173C	0.531775	0.63846	-0.342275	1.81908	1.40286
4902	YNL174W	1.166775	1.09096	1.08965	-2.201425	-1.34386
4903	YNL175C	1.31915	1.6699	1.6113	-2.11366	-1.16212
4905	YNL177C	1.26965	0.6625	0.87365	0.16346	-0.2399
4907	YNL179C	-1.0121	-0.3605	-0.915525	-1.07106	-0.27382
4908	YNL180C	-0.011475	0.06326	0.258625	1.9911	2.16574
4916	YNL188W	-0.172475	-0.80586	-1.118425	0.7539	-0.48144
4928	YNL200C	-0.187425	-0.5538	-1.8889	2.14544	1.30628
4929	YNL201C	1.348275	1.77738	1.1899	0.05774	-0.43438
4931	YNL203C	1.42735	1.2534	1.781575	-0.09242	-0.51192
4932	YNL204C	2.327025	2.44986	2.4345	-1.30786	-0.46024
4933	YNL205C	1.504125	2.304175	2.4822	-1.84704	-0.61098
4934	YNL206C	0.918675	-0.0606	0.15405	1.0116	-0.01484
4936	YNL208W	-0.395575	-0.65764	-0.9487	1.87235	3.17236
4939	YNL211C	1.63285	1.28326	1.645025	-1.342225	-0.688
4941	YNL213C	2.6269	1.1946	1.929275	-0.33736	0.183
4942	YNL214W	1.234975	0.65252	0.33475	-0.06042	-0.27216
4946	YNL218W	1.036625	0.72128	0.95325	0.81674	0.25018
4948	YNL220W	1.6491	1.48918	0.709525	-0.26166	1.4877
4949	YNL221C	1.174475	1.19502	0.9119	0.14328	0.6451
4953	YNL225C	0.534475	1.082475	0.58105	0.47122	-0.85046
4958	YNL230C	0.75885	0.6569	0.45665	-0.5874	-0.61814
4959	YNL231C	1.013725	0.3048	0.62435	0.730325	1.35786
4960	YNL232W	1.92135	1.42892	1.41025	0.03264	-0.1975
4962	YNL234W	3.337775	3.22122	3.268975	-0.7996	-0.69878
4967	YNL239W	-0.8345	-0.1891	-0.237525	1.49722	0.22514
4968	YNL240C	1.9186	2.2175	2.682325	-0.04116	0.14146
4971	YNL243W	-0.8319	-0.83334	-0.578	0.74335	0.67464
4976	YNL248C	0.822625	1.61752	1.321675	-0.87586	-1.47522
4984	YNL256W	1.006433333	1.356	2.0124	-0.1998	0.042933333
4985	YNL257C	-1.073075	-0.8155	-1.2915	0.6348	-0.0541
4986	YNL258C	-1.238425	-1.1618	-1.11325	-0.00624	0.48142
4992	YNL264C	-0.254975	-0.406825	-0.74435	0.461875	-0.20244
4994	YNL266W	1.014225	1.02688	1.4876	-0.3618	0.48746
4996	YNL268W	1.145475	1.4133	1.441925	-1.16322	-0.19038
5003	YNL275W	1.7722	1.63516	1.769525	-0.36722	-0.02866
5009	YNL281W	-0.764175	-1.4596	-1.834775	-0.57878	-0.90674
5012	YNL284C	0.63565	0.9093	0.4094	0.04946	0.59152
5018	YNL290W	-0.864966667	-0.315675	-0.244875	0.903825	0.24786
5022	YNL294C	0.546675	0.73444	0.464575	-0.07408	-0.22932
5028	YNL300W	-0.489425	-1.7074	-1.969975	2.56464	1.56818
5032	YNL304W	-1.38925	-1.52194	-1.616425	1.0334	-0.38094
5033	YNL305C	-1.3882	-1.3335	-2.2134	0.51426	0.45102
5036	YNL308C	0.979225	1.03676	1.1117	-1.10948	-0.79276
5038	YNL310C	-0.9635	-1.85254	-1.8586	0.69272	-0.147
5039	YNL311C	0.085825	0.660325	1.4263	-0.4995	0.04856
5040	YNL312W	-1.04825	-1.8064	-1.7714	1.3799	-0.59212
5050	YNL322C	-0.6372	-0.94756	-0.7217	0.05662	-0.12278
5062	YNL334C	-0.611425	-0.58472	-0.94045	0.97698	0.11428
5064	YNL336W	-1.307666667	-0.7949	-1.03885	0.812633333	-0.136
5081	YNR014W	2.09455	1.09312	-0.220975	-0.7193	0.11804
5082	YNR015W	2.01605	1.291925	1.2096	-0.68028	-0.68408
5085	YNR018W	1.9714	1.6065	0.8277	-0.1039	0.26266
5087	YNR020C	1.7335	1.61354	1.0975	-0.68564	0.023
5091	YNR024W	1.431425	0.77286	0.346375	-0.8308	-0.08294
5093	YNR026C	0.19095	1.09218	0.880025	-0.51	-1.0341
5094	YNR027W	0.861825	0.84132	0.94995	-0.1168	-0.37858
5095	YNR028W	1.65635	1.16988	1.20785	-0.56522	-0.1738
5096	YNR029C	1.688566667	1.7522	0.6962	1.044733333	-0.418733333
5106	YNR039C	1.68735	1.99798	1.1051	0.23824	-0.56774
5110	YNR043W	-1.665	-2.0494	-2.20185	0.198375	-0.40692
5111	YNR044W	1.19735	0.17806	-0.650975	1.56292	1.33622
5112	YNR045W	1.2233	0.64838	0.3426	0.645225	-0.28422
5115	YNR048W	0.688775	0.85398	1.239	-0.56078	-0.62966
5120	YNR053C	1.807425	1.3004	1.2603	-0.67578	-1.52214
5121	YNR054C	0.764325	1.33788	1.158125	-0.89694	-0.85122
5125	YNR058W	0.639075	0.55354	1.394275	0.02226	0.10766
5131	YNR064C	-1.6065	-1.77154	-0.8773	0.77314	0.25544
5134	YNR067C	-1.23265	-1.18522	-1.615575	0.52024	-0.87728
5138	YNR071C	1.726875	1.43038	1.66275	-0.49006	0.53448
5143	YNR076W	0.236425	1.68838	2.02585	-0.094175	0.23314
5145	YOL001W	1.75255	1.61278	1.709925	-0.04584	0.07834
5146	YOL002C	4.446	4.73804	4.6543	-4.00822	-3.17882
5147	YOL003C	-0.1497	-1.02416	-0.822625	0.11415	0.06398
5152	YOL008W	1.351625	1.00438	0.9017	-0.32898	-0.78038
5154	YOL010W	2.7823	1.96722	1.861825	-1.21966	-0.85858
5157	YOL013C	-0.474525	-0.0817	-0.008575	-0.71376	-0.88222
5165	YOL021C	0.686925	1.934	1.3236	-1.08565	0.022733333
5169	YOL025W	-0.10135	-0.5942	-0.8686	-0.37358	-0.4998
5170	YOL026C	-1.224575	-1.96895	-0.9323	0.51434	0.32734
5171	YOL027C	1.47435	1.55796	1.383675	-0.08112	-0.59028
5176	YOL032W	-2.8481	-2.76274	-2.7673	0.31926	0.19026
5185	YOL041C	2.177525	1.98272	1.4575	-1.10382	-0.76562
5188	YOL044W	0.99185	0.73948	1.01425	-0.33806	0.50964
5190	YOL046C	0.920375	1.5999	1.761775	0.27148	0.39002
5199	YOL054W	1.18695	0.52548	0.578625	0.12822	-0.39334
5203	YOL058W	0.39385	2.08942	3.66775	0.49898	-0.51708
5209	YOL064C	0.55035	0.9949	1.436775	-0.08905	0.41186
5220	YOL076W	-0.642066667	-0.914266667	-0.46395	-0.7112	-0.3992
5221	YOL077C	0.94215	0.22994	0.368125	-1.30638	-0.69012
5223	YOL079W	1.31895	1.54758	1.302725	-1.0954	-0.3748
5224	YOL080C	2.137275	1.8713	2.32445	-1.9139	-1.2498
5226	YOL082W	-0.5529	-0.5117	-1.30285	1.66218	1.7399
5227	YOL083W	-0.257175	-0.26244	-0.858075	0.85244	0.531
5230	YOL086C	-0.223675	-0.66222	-1.54635	1.30858	1.68098
5231	YOL087C	0.670466667	1.481	2.115466667	0.3177	0.209166667
5232	YOL088C	-0.817775	-1.08102	-1.887925	-0.1888	-0.38786
5235	YOL091W	0.5265	1.26274	2.225475	-0.97518	-0.61834
5236	YOL092W	0.48355	0.98388	0.557725	-0.526125	-0.63314
5245	YOL101C	5.5489	6.07992	5.14355	-5.67436	-6.40436
5248	YOL104C	-1.9669	-1.4743	-1.91025	-2.1148	-2.1444
5249	YOL105C	0.6449	0.49645	1.0906	-1.76014	-0.97202
5251	YOL107W	-0.961325	-1.162925	-1.866775	0.81346	0.4641
5253	YOL109W	-4.1315	-4.87402	-4.49225	0.03335	0.40332
5267	YOL123W	0.404975	1.78282	2.63695	-3.515775	0.50718
5268	YOL124C	2.742925	2.4538	1.810275	-1.45752	-1.0957
5270	YOL126C	-1.46705	-2.19662	-2.739225	-0.5395	1.03772
5274	YOL130W	0.755475	2.0336	1.383566667	-0.2324	-0.00905
5279	YOL135C	-1.071075	-1.22922	-1.490325	0.46576	0.42014
5284	YOL140W	-0.015475	-0.17874	0.2646	-0.69838	-1.33502
5286	YOL142W	1.978025	1.27008	2.053125	-1.24276	-0.053
5287	YOL143C	-0.5473	-1.21698	-0.836525	-1.00748	2.56724
5290	YOL146W	-0.974425	-1.9649	-1.889325	0.148325	0.16336
5296	YOL152W	-0.47905	-0.24184	-0.693366667	-1.43718	-0.0627
5298	YOL154W	2.2965	2.4244	2.6667	1.20738	-0.25748
5302	YOL158C	-1.0415	-0.67482	-1.00275	1.23432	1.05492
5303	YOL159C	-1.110475	-1.33718	-1.843325	0.22748	-0.74358
5305	YOL161C	0.589	1.40608	2.4709	-0.61696	-0.67076
5306	YOL162W	1.1954	1.06592	1.24395	0.16672	0.58742
5309	YOL165C	0.605775	0.51364	1.036675	0.49182	0.16686
5310	YOL166C	0.949525	1.42075	0.82445	-0.263175	-0.01912
5311	YOR001W	0.4254	0.58862	0.433675	-0.17312	-0.14692
5313	YOR003W	1.493125	1.94294	1.0331	-0.2085	0.8254
5314	YOR004W	2.23815	1.72238	2.536025	-1.62026	-0.65464
5319	YOR009W	1.28315	1.53188	2.2132	0.18464	-0.85535
5331	YOR021C	0.141175	0.99832	1.2587	-0.74332	-0.69546
5333	YOR023C	0.9944	0.90338	1.322975	-0.38928	-0.18524
5337	YOR027W	-1.283625	-1.57834	-1.9785	-0.36222	-1.11006
5349	YOR039W	-0.313525	-0.62426	-0.97105	0.398725	-0.71546
5353	YOR043W	1.511525	1.81892	1.3523	0.32164	0.25218
5354	YOR044W	1.104875	1.06728	1.8683	0.0566	0.46568
5357	YOR047C	1.9925	1.62304	1.685375	-0.99186	-0.61384
5362	YOR052C	2.979575	1.60842	1.34105	-2.374475	-1.0743
5366	YOR056C	2.699475	2.20842	1.9187	-0.93242	0.03548
5370	YOR060C	2.92895	2.55762	1.96675	0.1478	-0.54558
5371	YOR061W	1.221075	1.41404	1.043425	-0.34338	0.03512
5372	YOR062C	2.472575	2.39814	2.000625	-0.90778	0.9302
5376	YOR066W	-0.294025	0.71868	0.68025	0.4837	-0.94896
5384	YOR074C	-0.64155	-1.904125	-2.766825	2.13064	0.01146
5388	YOR078W	2.219225	1.19262	1.228075	-0.3884	-0.7551
5394	YOR084W	-0.632325	-0.15874	-0.664175	1.611175	1.21036
5399	YOR090C	-0.568225	-0.58004	-0.663475	0.2971	0.56126
5404	YOR095C	0.32125	0.62134	0.19045	-1.44412	-0.3484
5410	YOR101W	2.444925	1.54872	2.007825	-1.91814	-0.5182
5415	YOR106W	1.325875	1.0555	1.00205	-0.80812	-0.96928
5416	YOR107W	1.6895	2.70684	2.760675	-1.26854	-0.54818
5426	YOR117W	0.97945	1.5038	1.388825	-0.07838	-0.72012
5428	YOR119C	1.4408	0.87358	0.9541	-0.39158	0.15968
5429	YOR120W	2.15905	1.6207	1.839825	0.11132	0.78748
5434	YOR125C	-0.585775	-0.68046	-1.2365	0.3948	-0.11178
5439	YOR130C	-0.573825	1.34248	2.005275	0.45018	0.31704
5445	YOR136W	-2.79805	-2.6083	-3.340325	-2.15995	0.11992
5446	YOR137C	1.098875	1.65922	0.71685	-0.49454	0.53424
5454	YOR145C	1.218025	1.20642	0.80135	-1.7912	-1.0005
5463	YOR154W	1.14655	1.29938	1.6546	-0.25104	-0.2068
5467	YOR158W	1.508725	1.10436	0.800175	-0.19792	0.07808
5472	YOR163W	-1.128625	-0.947	-1.2706	0.8334	0.72932
5473	YOR164C	-1.30025	-1.47484	-1.26375	-0.28896	-1.16594
5484	YOR175C	0.2739	0.77948	1.39655	-1.35602	-2.16238
5486	YOR177C	-1.063075	-0.23858	-1.51345	-0.90176	-0.6452
5488	YOR179C	-1.32195	-0.45388	-2.253525	-0.49986	-0.43764
5489	YOR180C	1.35605	1.63478	1.6789	0.07356	0.66264
5493	YOR184W	-0.59845	-0.85934	-1.4232	-0.5002	0.7893
5494	YOR185C	-0.530575	-0.54008	-1.570225	2.98086	1.02134
5503	YOR194C	1.680475	0.87446	0.84755	0.11076	0.34094
5507	YOR198C	-0.84215	-0.38986	-1.06505	0.12822	-1.68732
5509	YOR200W	1.785425	1.8365	1.922933333	-0.4747	0.88464
5510	YOR201C	1.323625	2.11844	1.88185	-0.27842	0.4266
5517	YOR208W	0.90585	1.60234	1.8028	-0.14588	0.26108
5521	YOR212W	1.614375	1.451825	0.969975	0.4165	0.6056
5523	YOR214C	1.696075	2.08082	1.814425	-0.54096	0.0082
5531	YOR222W	0.1018	0.75022	1.362075	0.491075	1.24886
5533	YOR224C	-0.91105	-0.97076	-0.955725	-0.6546	0.204
5534	YOR225W	-1.4344	-1.80374	-0.95225	-0.8563	-0.99966
5535	YOR226C	-3.3954	-2.86974	-1.54895	0.53298	0.07898
5536	YOR227W	0.8875	0.96	0.5548	1.18936	0.87936
5537	YOR228C	1.298475	1.38388	1.074775	0.2986	0.82098
5539	YOR230W	-0.730075	-1.17524	-1.58525	0.39702	1.10548
5546	YOR237W	0.84815	1.87294	2.7832	-1.06888	-0.36204
5560	YOR252W	1.390375	1.36396	1.465725	-1.17584	-0.84774
5561	YOR253W	-1.061425	-1.502075	-1.842375	-1.00236	-0.43936
5570	YOR262W	1.360425	1.42138	2.0037	-0.29946	-0.72104
5572	YOR264W	-0.7523	-1.31376	-2.05255	0.49778	-0.63318
5573	YOR265W	-1.084575	-1.26588	-0.67605	-0.1975	-0.80972
5575	YOR267C	0.13195	0.42652	1.32905	-0.37878	-0.7649
5576	YOR268C	0.06525	0.06734	2.189166667	0.3362	0.63286
5577	YOR269W	1.0108	2.00752	1.5137	-0.01556	-0.43078
5580	YOR272W	1.4362	1.01718	1.297575	-0.983025	-0.57382
5582	YOR274W	2.046175	2.34176	1.134075	-1.22576	0.27736
5587	YOR279C	2.044475	1.31496	0.947575	-0.296125	0.1565
5589	YOR281C	0.8342	1.03726	0.2049	0.24596	-0.6151
5591	YOR283W	1.73365	1.32888	1.13905	-1.16564	-0.80478
5593	YOR285W	-1.242375	-1.1519	-0.953275	1.20668	1.80762
5595	YOR287C	3.12995	1.69358	1.063225	-2.07842	-0.96784
5597	YOR289W	-0.041025	-0.13722	0.2539	2.15744	1.83714
5602	YOR294W	2.936475	1.76082	2.2549	-1.16376	-0.28502
5606	YOR298W	0.31985	1.21118	1.78765	-1.278725	0.02986
5609	YOR301W	-0.7404	-0.94604	-2.58855	-0.3576	-0.11864
5610	YOR302W	1.9884	1.61564	1.66955	-1.36504	-0.0718
5611	YOR303W	4.2374	4.53956	4.41325	-0.945525	1.40976
5618	YOR309C	0.86895	1.12276	1.7543	-1.03634	-0.7679
5619	YOR310C	0.438575	0.91464	0.700075	-1.3226	-2.3
5624	YOR315W	-1.25905	-1.35912	-1.238125	-1.2412	-1.64918
5625	YOR316C	0.1234	0.87924	1.127375	0.71484	0.34084
5628	YOR319W	-1.247525	-0.62038	-1.149625	-0.32296	-1.02852
5633	YOR324C	0.759225	0.86376	1.00585	-0.688775	0.0931
5641	YOR332W	-0.2637	-0.7594	-0.52815	0.87586	0.56102
5647	YOR338W	3.377275	2.70162	1.74105	-1.108125	-0.99948
5648	YOR339C	4.7403	3.56962	2.504575	-1.32756	-0.3838
5649	YOR340C	0.249675	0.16392	0.1861	-1.59738	-0.81382
5651	YOR342C	2.418975	1.42736	1.539925	0.35748	-0.64286
5661	YOR352W	-0.5576	-1.203875	-1.572275	0.80802	0.11346
5664	YOR355W	-1.502425	-1.42036	-2.1194	0.24768	0.58442
5666	YOR357C	-1.614175	-2.06568	-1.87275	0.34628	0.69848
5669	YOR360C	1.91505	2.27286	1.7333	-0.7044	-0.19464
5675	YOR366W	1.129425	1.4033	1.2935	-0.08116	0.45402
5676	YOR367W	-1.5056	-2.31922	-2.2433	0.72588	-0.07932
5683	YOR374W	1.700975	1.44292	0.114725	1.93022	2.53416
5684	YOR375C	-1.231375	-1.84734	-2.621225	0.3518	2.3972
5686	YOR377W	-0.39265	0.69792	0.728375	-2.5859	-1.79056
5688	YOR379C	-0.61955	-0.93834	-0.73575	-0.53945	-0.45366
5690	YOR381W	-0.763625	-0.96112	-0.7274	-0.05894	-0.42946
5691	YOR382W	-1.538175	-2.39762	-2.67085	2.63718	3.35794
5692	YOR383C	-0.448675	-0.23898	-0.502275	0.91914	1.93308
5707	YPL004C	0.74975	0.3356	-0.095025	2.35816	0.85584
5710	YPL007C	-0.845325	-0.94212	-1.2574	0.54386	0.12758
5714	YPL011C	1.15645	0.78984	0.7134	-0.412025	-0.80896
5715	YPL012W	2.167625	2.13132	2.1695	-0.99914	-0.3308
5716	YPL013C	1.23275	0.5458	0.705425	-0.2524	1.22124
5721	YPL018W	-0.1141	0.58602	0.4319	1.3137	1.77242
5722	YPL019C	-0.369725	0.8192	0.93985	1.07162	2.35534
5726	YPL023C	1.5508	1.1087	0.189625	-0.24222	0.0322
5727	YPL024W	1.82915	1.6015	1.0764	0.13572	1.62702
5729	YPL026C	1.393725	0.11362	-1.335125	0.81488	0.7296
5730	YPL027W	2.03835	1.5464	0.7886	-0.2616	-0.26946
5733	YPL030W	1.064175	0.9842	1.4052	-1.12988	-0.67842
5734	YPL031C	-2.0893	-2.45444	-1.98035	0.63334	0.88846
5742	YPL039W	1.6359	0.99796	0.48855	-0.32688	0.23876
5744	YPL041C	-0.892075	-0.52074	-0.6444	0.48976	-0.14724
5745	YPL042C	1.64895	2.40036	2.349325	-0.62924	-0.33088
5746	YPL043W	2.121325	2.21848	1.848625	-0.8305	-0.70152
5749	YPL046C	-0.527325	-1.1409	-1.369325	-0.54708	-0.32926
5751	YPL048W	-1.153225	-0.96924	-1.515425	1.21834	0.5737
5752	YPL049C	2.266525	1.37956	0.9642	0.0202	-0.11026
5754	YPL051W	1.259425	1.0995	1.483725	-0.57052	-0.07448
5755	YPL052W	2.42565	2.423375	2.6411	-1.4461	-0.2891
5764	YPL061W	2.97155	1.4481	-1.5618	2.05086	1.0249
5768	YPL065W	-1.416275	-2.241025	-2.2234	-0.01898	-0.11506
5770	YPL067C	-1.22415	-1.78678	-1.256375	-0.406	0.28466
5771	YPL068C	1.843725	1.28474	0.636825	-1.03702	-0.68728
5772	YPL069C	1.931525	2.4594	1.85575	-0.38934	-0.1802
5773	YPL070W	2.02525	2.30334	2.576175	-1.48108	-0.63178
5778	YPL075W	-2.139325	-1.9403	-1.69445	0.159125	0.7187
5780	YPL077C	-1.201875	-0.81268	-0.98895	0.56055	-0.25534
5784	YPL081W	-1.41415	-0.99668	-1.502275	-0.706875	0.57662
5789	YPL086C	0.150125	1.02436	0.797125	-1.3274	-1.15102
5790	YPL087W	-0.72155	-1.01042	-1.528825	0.12894	0.94288
5791	YPL088W	2.7995	2.77258	2.80135	-0.41342	1.43544
5795	YPL092W	0.134025	0.8903	1.9782	-1.56628	0.40176
5796	YPL093W	1.7316	2.29068	2.4552	-0.95538	-0.50554
5797	YPL094C	1.1483	1.27436	0.52835	-0.68814	0.28594
5798	YPL095C	0.712525	1.34816	1.176475	0.04634	0.6283
5804	YPL101W	0.283925	0.03652	0.625	-0.85092	0.38456
5806	YPL103C	-0.924925	-0.62348	-1.45855	0.40982	0.07162
5808	YPL105C	0.6996	1.23112	1.72165	-0.29432	-0.2281
5811	YPL108W	0.80955	0.66646	0.567975	-0.52632	-0.3206
5814	YPL111W	-0.89325	-1.20636	-1.6492	1.34828	3.50212
5818	YPL115C	-1.377	-0.71828	-0.722225	-0.31612	-0.4208
5819	YPL116W	-0.58435	-0.6036	-0.85675	-0.53386	0.05158
5821	YPL118W	1.714925	2.05274	1.2233	0.14106	0.43706
5823	YPL120W	-1.1922	-1.1442	-2.88565	0.14816	0.04586
5825	YPL122C	0.1877	0.5184	0.948825	-0.29176	-0.74906
5826	YPL123C	-0.937275	-0.37602	-1.232275	0.5427	-0.05804
5827	YPL124W	-0.2044	-1.11008	-1.059525	1.04854	0.06132
5833	YPL130W	1.9563	1.13258	1.79215	-0.78626	-0.47166
5838	YPL135W	0.8558	1.56896	0.6601	-0.69086	1.04612
5842	YPL139C	0.448525	0.78674	0.55165	-0.1069	-0.68606
5844	YPL141C	-0.35465	-0.578775	-0.563525	0.69078	0.87706
5847	YPL144W	-1.43415	-1.95236	-1.896475	0.42096	0.52
5848	YPL145C	-0.94285	-0.46258	-0.00595	-0.05458	0.33472
5849	YPL146C	1.4746	1.3467	1.2028	-1.15488	-1.40974
5856	YPL153C	-0.57335	-0.78184	-0.7237	0.7496	-0.25624
5857	YPL154C	0.32145	0.54464	0.558175	3.70206	2.5647
5860	YPL157W	0.830025	0.9137	1.084775	0.11056	-0.1639
5861	YPL158C	-1.0052	-1.06096	-0.93175	0.4572	-1.14775
5862	YPL159C	1.97085	2.0404	0.9791	-0.47756	0.08464
5866	YPL163C	-0.000525	0.18172	0.036325	2.04946	1.46032
5869	YPL166W	4.97635	5.0172	1.334125	0.719625	0.17696
5875	YPL172C	1.249425	1.89154	1.8357	-0.49626	0.2626
5876	YPL173W	2.421275	2.17718	2.079775	0.1625	0.35954
5896	YPL193W	1.42555	1.2041	1.40135	-0.28502	-1.14776
5897	YPL194W	-0.8302	-1.16504	-0.94125	0.15258	-0.08696
5899	YPL196W	-1.880075	-2.332475	-2.53955	0.52155	-0.37082
5902	YPL199C	-2.099025	-1.73046	-1.923275	0.01986	-0.25476
5904	YPL201C	1.087725	1.37632	2.451675	-0.09466	-0.11686
5906	YPL203W	-0.58645	-0.82828	-1.76745	-0.26618	0.04536
5907	YPL204W	2.791525	2.012975	2.045325	0.2575	0.60438
5914	YPL211W	0.337375	0.74168	0.6404	-1.84906	-0.11022
5915	YPL212C	1.146825	1.41072	1.772	-0.66586	-0.07864
5918	YPL215W	1.13265	0.83682	0.8247	-0.34832	0.2238
5920	YPL217C	1.521475	1.5171	1.163775	-0.55388	0.1378
5921	YPL218W	-1.035825	-1.43415	-1.3302	0.0865	0.11108
5931	YPL228W	1.002125	0.80912	1.124275	-0.0034	-0.39614
5932	YPL229W	1.467475	1.02926	0.603875	-0.74176	-0.14926
5935	YPL232W	0.985275	0.66476	0.389725	1.03928	0.58758
5936	YPL233W	1.853075	1.16698	1.1118	-0.056	0.30312
5943	YPL240C	-2.576025	-2.2094	-1.828425	-0.3996	-0.5491
5944	YPL241C	-1.7125	-2.5212	-2.07455	1.28876	-0.45848
5948	YPL245W	1.29545	1.89378	1.91185	-1.26338	-0.1852
5953	YPL250C	3.3522	4.4477	4.23435	-0.25596	0.74704
5954	YPL251W	1.3121	1.21002	1.3277	-0.040266667	0.58064
5955	YPL252C	1.238375	0.92842	1.0303	-0.32514	0.06984
5957	YPL254W	1.886225	2.4496	2.255575	0.44574	-0.37252
5962	YPL259C	0.831525	1.31072	0.989075	0.15595	-0.42802
5963	YPL260W	0.169775	0.94904	0.747725	-0.06164	0.01048
5965	YPL262W	-1.187575	-0.667675	-0.9443	0.77322	0.03304
5970	YPL267W	-1.2665	-2.39144	-0.904575	1.85468	0.33224
5975	YPL272C	0.60045	1.21438	1.407275	-0.14852	0.03354
5982	YPL279C	0.408025	0.78564	0.871225	0.3062	-0.7015
5986	YPL283C	0.56985	0.45994	0.58345	2.15642	0.5266
5992	YPR006C	-0.062325	-0.78452	-1.289425	-0.34536	-0.10952
5994	YPR008W	1.725575	1.87746	1.658225	-0.3544	-0.43756
5995	YPR009W	1.519325	1.82878	1.80605	0.08084	0.37352
5997	YPR011C	-1.087975	-0.88338	-1.0453	0.2304	-0.26546
6001	YPR015C	0.90505	1.08498	0.6207	-1.15412	-0.58046
6002	YPR016C	1.4369	1.14	1.490425	-0.89252	-0.92314
6018	YPR032W	0.368375	1.18828	0.795975	-0.58276	-0.61772
6021	YPR035W	0.06915	-0.2834	-2.049925	1.14354	3.22022
6022	YPR036W	-0.695025	-0.72944	-1.116975	0.73272	0.62528
6023	YPR037C	0.01385	0.26502	0.440225	0.31152	0.8578
6026	YPR040W	1.52555	1.14148	0.754475	-0.16206	0.53014
6032	YPR046W	1.319075	0.5689	0.729325	-1.02568	-0.02338
6034	YPR048W	0.1228	0.4181	0.6181	-0.8669	-0.57164
6037	YPR051W	1.37975	0.82094	0.997075	-0.466675	0.2561
6046	YPR060C	1.517275	1.1961	1.266075	-0.41558	-0.2971
6047	YPR061C	0.75685	1.53534	1.30125	-0.853225	0.29054
6051	YPR065W	-1.104475	-1.33538	-1.1907	-0.2385	-0.71372
6053	YPR067W	-1.376	-1.846575	-1.303825	0.62415	0.14688
6057	YPR071W	0.29975	0.98604	0.7987	0.41765	-0.54306
6062	YPR076W	-0.3323	-0.32392	-0.3784	-0.677575	-0.7736
6066	YPR080W	0.83495	0.94178	-0.10725	1.56418	0.57612
6068	YPR082C	-0.145225	-0.76198	-1.1571	0.23368	0.69884
6083	YPR098C	-0.702525	-1.12808	-1.14555	0.39938	1.42562
6084	YPR099C	-0.51555	-0.5706	-0.55215	-0.41064	0.57562
6097	YPR112C	0.85165	1.69412	1.66805	-0.82782	-0.0693
6099	YPR114W	0.618075	1.0825	0.853575	-0.15592	-0.4802
6103	YPR118W	-0.63185	-0.5656	-1.3567	-0.73016	-0.77734
6105	YPR120C	0.5861	-0.2147	-0.312525	0.99452	0.2831
6110	YPR125W	2.511625	2.1256	2.074025	-0.60688	-0.57172
6111	YPR126C	3.20095	1.94824	1.455775	-0.26084	0.18954
6112	YPR127W	-0.59605	-0.6749	-0.1236	0.24614	0.84198
6116	YPR131C	-1.27105	-1.76036	-2.48095	0.1529	0.21276
6119	YPR134W	1.486325	1.41406	1.540425	0.27726	-0.49996
6122	YPR137W	1.485425	1.42975	0.6908	-1.22588	-0.93356
6127	YPR142C	1.62485	1.952	1.4057	-0.86215	-0.55176
6128	YPR143W	2.93235	2.29194	2.632675	-1.07704	-1.28904
6130	YPR145W	-0.154975	0.91498	1.569775	0.11112	0.36582
6132	YPR147C	-0.759975	-1.11922	-1.494425	-0.1576	-0.49862
6133	YPR148C	-0.592825	-0.7843	-0.7504	-0.50542	-0.20262
6134	YPR149W	-1.6306	-1.60788	-2.4272	0.76762	1.095
6143	YPR158W	-3.556025	-3.09542	-1.380925	0.68176	-0.42276
6150	YPR165W	-0.27605	-0.30666	-0.1749	1.99592	1.60352
6152	YPR167C	2.00035	1.74482	2.493725	0.05096	0.47396
6156	YPR171W	1.074825	0.66926	1.161	0.47458	-0.3039
6161	YPR176C	-0.771425	-1.30626	-1.47405	0.27694	0.16554
6165	YPR180W	-1.88215	-1.77928	-1.90195	0.26488	-0.34182
6171	YPR186C	0.90195	0.71846	1.006175	-0.63782	-1.5397
6175	YPR190C	0.6155	0.88676	0.788275	-0.71834	-0.07682
6176	YPR191W	-0.489875	-0.4276	-0.71	1.14988	0.45346
6179	YPR194C	-0.414075	-0.51346	-0.119633333	-0.67596	0.67394
6185	YPR200C	1.60785	1.67932	1.359466667	0.25506	0.28658
