SPOT	Gene Symbol	15m	30m	60m	90m	120m
3	YAL003W	-0.074225	-0.1045	-1.05085	-0.6986	-0.95895
14	YAL015C	-0.317675	-0.392275	-0.93055	-0.8155	-0.14055
24	YAL025C	1.495225	2.265625	1.46515	-0.597775	-0.320475
31	YAL032C	0.273025	0.59475	0.165725	-0.16605	-0.034525
40	YAL039C	0.454125	0.691666667	0.662525	-0.15785	0.2783
46	YAL044C	-1.677925	-2.41255	-2.42105	-1.42485	0.397875
51	YAL049C	-0.5841	-0.860025	-1.175975	-0.473825	-0.434925
55	YAL055W	-0.796725	-0.929175	-0.812775	0.092225	-0.09195
59	YAL059W	1.2428	2.327025	1.2185	-0.66225	-0.7571
60	YAL060W	-0.24945	-0.9976	-1.111825	-0.232325	0.4001
61	YAL061W	-0.299175	-0.811525	-0.52025	-0.05065	-0.3478
63	YAL063C	-1.236775	-2.031025	-1.6784	-0.548925	0.538525
75	YAR008W	-0.7201	-0.832175	-1.545325	0.354075	-0.852575
85	YAR028W	-0.70345	-0.6849	-0.710225	-0.59035	-0.357425
88	YAR031W	-0.343425	-0.547	-0.580675	-0.9997	-0.69035
122	YBL010C	-1.31485	-2.0684	-2.58265	-0.36	-0.9414
131	YBL019W	-0.8097	-0.6597	-0.59275	-0.664875	-0.156
141	YBL029W	0.283966667	0.980325	0.8931	2.088933333	0.93785
143	YBL031W	-1.8243	-1.415025	-1.6247	-2.778166667	-1.12145
150	YBL038W	1.379875	2.017	0.706825	0.252675	-0.078225
152	YBL040C	-1.1463	-1.723625	-2.0262	-0.607975	-0.696
154	YBL042C	1.267	1.4269	0.34925	0.466125	-0.648125
164	YBL052C	-0.1892	0.0344	-0.559566667	-0.253233333	-0.496566667
167	YBL055C	0.991075	0.203325	0.813225	-0.683925	-0.9153
169	YBL057C	-0.52695	-0.5949	-0.592675	-0.099775	-0.17885
176	YBL064C	-1.08695	-1.1265	-2.04255	-1.112775	-0.726075
178	YBL066C	-0.53585	-1.20005	-1.3016	-0.87145	-1.36465
182	YBL070C	0.969675	1.235775	1.187125	0.59845	1.0835
205	YBL093C	1.0951	1.583625	0.722325	-0.407875	-0.179775
207	YBL095W	-0.698125	-0.8974	-1.25645	-0.165825	-0.108275
216	YBL102W	-0.7949	-0.971025	-1.10645	-0.145575	-0.508175
221	YBL107C	0.393075	0.973375	0.86525	0.193325	-0.0253
224	YBL111C	-1.138525	-3.048125	-1.798825	0.0407	-1.1708
241	YBR013C	-0.8531	-1.174125	-1.230175	-0.656175	-0.133775
245	YBR017C	0.99665	1.65555	1.044125	0.6261	-0.203125
251	YBR023C	0.18705	0.90845	0.373275	7.5E-05	0.75465
258	YBR030W	0.63665	1.420225	0.81485	-0.040025	-0.080725
261	YBR033W	2.894825	3.425825	2.2878	-0.28775	-0.635875
262	YBR034C	2.69415	2.424	2.252975	-0.270075	-1.00815
265	YBR037C	-0.70645	-0.75065	-0.98225	-0.271525	-0.397475
270	YBR042C	1.7145	2.01955	1.884875	-0.077875	0.16635
271	YBR043C	1.3348	2.0245	1.197	-0.375525	0.1005
275	YBR047W	-0.2931	-0.3274	-0.131775	0.001975	0.105425
277	YBR049C	0.17355	0.44715	0.546625	0.06095	0.538525
278	YBR050C	0.676625	0.9619	0.9978	0.16135	0.2051
295	YBR067C	1.46015	2.445625	1.649875	-1.023	-2.987425
298	YBR070C	-0.73345	-0.9559	-1.043225	0.144125	-0.42565
299	YBR071W	-1.802625	-2.3809	-0.788675	0.588325	-0.661275
308	YBR081C	0.292975	0.797575	0.5272	0.320133333	0.210025
309	YBR082C	-0.498575	-0.3978	-0.948866667	-0.4299	-0.144033333
310	YBR083W	0.06075	-1.84335	-2.176066667	-0.8275	-0.4771
325	YBR096W	-1.2617	-2.408925	-2.6484	-0.8636	-0.3279
326	YBR097W	0.503475	1.32525	1.037825	0.004775	0.433
334	YBR106W	-0.0498	-0.145775	-0.5588	-0.63315	-0.937725
337	YBR109C	-0.496575	-0.631225	-0.549475	-0.082775	-0.328
339	YBR111C	-0.722425	-0.688875	-1.051575	0.0055	-0.465475
369	YBR141C	0.321425	0.74755	0.32795	-0.917	-0.26395
376	YBR148W	-0.472	-0.3722	-0.297933333	0.0155	0.2772
379	YBR151W	-1.9245	-0.8433	-0.3174	-1.6058	-2.365433333
383	YBR155W	1.314575	1.6618	0.490625	-0.966	-1.035725
384	YBR156C	-0.1113	-0.8774	-0.354975	0.322775	0.113
397	YBR168W	-0.743975	-0.741275	-0.65365	-0.5188	-1.08195
401	YBR172C	0.585775	0.202575	-0.06845	-0.174675	-0.828075
406	YBR177C	-0.6253	-0.777875	-0.0688	0.26445	-0.177875
418	YBR189W	-0.9676	-0.879	-0.60935	-0.55235	-0.944125
426	YBR197C	-0.751925	-0.638	-0.497025	-0.18985	-0.21525
465	YBR236C	-0.302675	-0.835025	-0.402525	-0.442725	-0.447775
473	YBR244W	-1.006675	-1.309775	-1.150925	-0.575075	-0.41375
490	YBR261C	-0.839775	-0.598225	-0.7518	-0.40615	-0.4575
495	YBR266C	1.8847	1.791325	2.105675	-0.462975	-0.8944
496	YBR267W	0.540875	2.441325	1.3762	0.116925	0.05455
519	YBR290W	0.3318	0.9129	0.3172	-0.0524	-0.084675
522	YBR293W	0.23865	0.5067	1.60705	0.10955	-0.159
526	YBR297W	1.5943	1.8895	0.75415	-0.006275	0.06605
550	YCL022C	-1.46995	-2.97355	-1.984275	0.948675	-0.333425
551	YCL023C	-0.1833	-0.2387	-0.48115	-0.33015	-0.41795
560	YCL031C	1.5244	1.734725	0.85345	-0.075775	0.0429
562	YCL033C	-1.030575	-1.170425	-0.89535	-0.27895	0.323275
571	YCL042W	-0.384825	-0.387575	-0.705325	-0.049425	0.619725
575	YCL046W	0.3857	1.2217	0.728066667	1.4775	0.317575
576	YCL047C	-0.814925	-1.306825	-1.350125	-0.610075	-0.547575
583	YCL054W	2.140975	0.837525	0.870775	-0.311775	-1.749275
589	YCL061C	0.083025	-0.087625	-0.350275	0.194925	-1.186525
596	YCL068C	-0.07505	-0.187075	-0.228475	-0.22765	-0.77715
625	YCR013C	-0.681525	-1.579725	-1.9593	-0.513125	0.118525
630	YCR018C	0.4614	0.241025	0.88265	0.90715	1.315575
632	YCR020C	-1.48755	-1.649875	-0.92075	-0.270425	0.540725
637	YCR024C	-0.66505	-0.2528	-0.3449	-0.13825	0.007175
665	YCR051W	-0.128825	-0.611075	-0.412625	-0.2394	-0.47905
687	YCR076C	-0.5409	-0.6377	-0.8426	-0.140925	-0.1632
703	YCR094W	-1.764225	-0.6931	-0.116	-1.160525	-0.759775
707	YCR097W-A	0.41055	0.041325	-0.503	-1.63005	-0.5067
716	YCR106W	-0.68995	-1.282325	-1.56385	-0.22905	-0.028425
729	YCRX12W	0.729475	0.988825	0.048225	0.045975	0.097575
733	YCRX17W	-0.790225	-1.30305	-1.484625	0.194725	-0.498425
736	YCRX20C	0.728925	0.796525	0.489925	0.101125	-0.03375
739	YDL002C	0.934025	1.785025	0.83955	-0.041875	-0.7916
740	YDL003W	-1.5205	-2.097025	-2.269	0.598575	-0.7929
741	YDL004W	-0.62075	-0.899275	-1.061425	-0.67025	0.043425
747	YDL010W	-0.916975	-1.36295	-0.5803	0.7553	-0.657075
758	YDL021W	-0.759	-0.723325	-0.84015	-0.04895	-0.186025
778	YDL041W	0.737866667	1.0041	0.5625	0.110966667	-0.6575
786	YDL049C	1.971875	3.36615	2.9203	0.224675	-0.182675
809	YDL072C	-0.51655	-1.350325	-1.408425	0.191825	0.5611
813	YDL076C	0.066675	0.357975	0.4417	0.41415	0.222175
824	YDL087C	0.9174	0.877833333	1.2889	0.140375	-0.226025
843	YDL106C	-0.8131	-1.87675	-0.3348	-0.500225	-0.30365
845	YDL108W	-0.563625	-0.478825	-0.850275	-0.7929	-0.38925
848	YDL111C	1.173025	1.894125	0.73995	0.27785	-0.0683
857	YDL120W	-0.5769	-0.523475	-0.8154	-0.351475	-0.31115
862	YDL125C	-0.6215	-0.604275	-0.64925	-0.541725	-0.099525
864	YDL127W	-0.74545	-1.168425	-1.4216	0.507525	-1.06285
866	YDL129W	1.5489	1.21275	1.305775	-0.6057	-1.3842
873	YDL135C	-0.622525	-0.8069	-1.182775	0.324	-0.192025
888	YDL150W	0.8499	1.9267	0.963825	-1.0395	-0.9112
891	YDL153C	1.339525	1.3013	1.25865	-0.5272	-0.2768
903	YDL165W	-0.619975	-0.66275	-0.5644	-0.10925	0.1152
907	YDL169C	0.588125	1.93155	0.521425	0.78565	0.426875
911	YDL173W	-0.306825	-0.43255	-0.84475	-0.454625	-0.578925
917	YDL179W	-0.4615	-0.94735	-1.446825	-0.828275	-1.35615
944	YDL206W	-0.50335	-0.27925	0.564725	1.0425	0.658725
946	YDL208W	0.88255	1.118125	1.16	0.630725	0.2366
947	YDL209C	0.818525	1.476175	0.249975	-0.677375	-0.41085
957	YDL219W	-1.151525	-1.2933	-1.6439	-0.402475	0.122725
959	YDL221W	-1.18995	-1.470625	-0.8296	0.18975	-0.693625
965	YDL227C	-0.360925	-1.0711	-0.684775	0.005475	-0.38905
975	YDL237W	-0.56035	-0.5605	-1.36055	-0.04005	-1.2638
1003	YDR017C	1.147775	1.13225	0.470975	0.194625	-0.1185
1004	YDR018C	0.842975	1.592425	0.35	-0.05355	0.1856
1005	YDR019C	-0.44395	-1.090875	-1.680275	-0.4331	0.6326
1007	YDR021W	1.2461	2.26205	1.311325	-0.62705	-0.11755
1012	YDR026C	-0.1544	0.459	0.7062	0.154225	0.445866667
1016	YDR030C	-0.67275	-0.49935	-0.820375	-0.812775	0.352025
1028	YDR042C	1.84115	2.46655	2.7495	2.6189	0.41345
1029	YDR043C	-0.644425	-0.536175	0.37245	-0.437175	0.01285
1030	YDR044W	0.5658	0.647625	0.433475	-0.977175	-0.634175
1046	YDR060W	1.4244	1.18835	1.42865	0.265725	-0.03755
1051	YDR065W	-1.364925	-1.778625	-0.618	-0.819325	-1.027475
1054	YDR068W	-0.12855	-0.879925	-1.8481	-1.043925	-0.048175
1058	YDR072C	1.0648	0.57725	1.513875	1.4561	1.396975
1061	YDR075W	1.1014	2.379075	-0.332175	0.020175	-1.25875
1065	YDR079W	0.284675	0.949125	1.8001	-0.098025	1.182
1067	YDR081C	0.860175	1.818675	1.17195	1.0058	0.762675
1070	YDR084C	-0.5561	-1.758325	-1.870725	0.05725	-0.113525
1083	YDR097C	-0.70995	-0.882425	-0.388825	-0.2481	0.230925
1084	YDR098C	-0.62815	-0.877175	-1.188425	-0.5328	-0.396275
1102	YDR116C	1.048375	2.0055	1.4291	0.418425	-0.507075
1126	YDR140W	-1.950525	-1.839175	-1.35795	-0.85705	-0.0893
1136	YDR150W	0.9154	-0.613175	-1.79365	0.653875	1.511725
1137	YDR151C	0.982675	1.422725	0.187133333	-0.5478	-1.4638
1159	YDR173C	-0.3443	-0.6748	-1.2499	-0.2314	-0.3663
1171	YDR184C	2.265825	3.396675	2.190525	-0.044175	-0.4764
1172	YDR185C	0.84195	1.441725	1.5233	0.790475	0.786275
1173	YDR186C	0.360125	0.34255	0.00155	0.5988	0.965575
1182	YDR195W	1.794475	2.040825	1.034475	-0.2516	0.114025
1183	YDR196C	-0.196025	0.571125	-0.739075	-0.403875	0.084075
1184	YDR197W	0.561325	1.526575	0.198575	-0.2519	0.364675
1185	YDR198C	0.70135	1.076775	0.424375	-0.348025	0.574975
1196	YDR209C	-1.188475	-1.841475	-0.98125	-0.544375	0.346225
1197	YDR210W	-1.33385	-1.83165	-1.4573	-0.353375	0.6331
1200	YDR213W	-0.781975	-1.333675	-1.409325	-0.13955	0.176625
1201	YDR214W	-1.479125	-2.265075	-2.775975	-1.0589	-0.7689
1206	YDR219C	-0.3303	-0.378125	-0.443175	-0.3069	-0.463825
1211	YDR224C	0.4394	1.252425	1.33885	0.342875	1.26705
1220	YDR233C	1.042875	1.112475	0.573675	0.43385	-0.5515
1221	YDR234W	-0.8468	-0.6404	-0.61295	-0.0311	0.4664
1224	YDR237W	0.35095	0.5554	0.6312	0.213125	0.483525
1225	YDR238C	-0.103775	-0.317575	0.260375	0.882925	0.7739
1235	YDR248C	-1.68365	-1.929575	-1.925525	-0.69995	0.380525
1246	YDR259C	-0.327825	-0.81675	-0.651425	-0.284475	-0.451375
1254	YDR267C	1.2127	1.106433333	0.6101	-0.2536	1.41785
1259	YDR272W	-0.8751	-1.16695	-1.574775	-0.753025	-0.342575
1261	YDR274C	2.376525	4.15325	1.864375	-2.45115	-2.71905
1262	YDR275W	1.207	1.95795	1.6141	-1.9842	-1.035033333
1265	YDR278C	0.907925	2.365175	1.068175	-1.06215	-0.6031
1267	YDR280W	1.2081	2.577775	1.276725	-0.3322	-0.392125
1286	YDR299W	1.38735	1.388425	0.973625	-0.5096	0.041675
1291	YDR304C	-0.838625	-1.0792	-1.46905	-0.9596	-0.412725
1296	YDR309C	0.637975	0.78245	0.465975	0.5964	0.085775
1297	YDR310C	-0.006	0.696	0.281925	0.4322	0.697725
1298	YDR311W	0.41355	0.615925	0.681975	0.255925	-0.186925
1299	YDR312W	1.5753	2.395825	1.69095	0.373175	-0.348525
1300	YDR313C	0.2911	0.583925	0.270625	-0.0485	0.149425
1312	YDR325W	0.627775	0.629725	0.7513	-0.1977	-0.3084
1316	YDR329C	0.1345	-0.8675	-0.8813	-0.0067	-0.1019
1320	YDR333C	0.0174	0.5578	0.858825	0.33665	0.4674
1324	YDR337W	0.494725	1.4592	0.965025	-0.066675	0.81285
1329	YDR342C	3.942775	3.117925	0.88835	-0.51785	-1.8373
1330	YDR343C	2.43745	2.7622	0.1862	-1.08955	-0.8929
1332	YDR345C	3.0723	3.7802	0.23375	-0.169	0.2537
1342	YDR355C	-0.8113	-1.51715	-0.87055	-0.834275	-1.459825
1350	YDR363W	0.98495	0.332675	0.43495	-0.452875	-1.925725
1352	YDR365C	1.320525	1.714925	1.33205	-0.82505	-1.5773
1354	YDR367W	-0.4065	-1.3347	-1.494675	-0.771225	-0.254675
1355	YDR368W	-1.3158	-1.394625	-2.5787	-0.1769	-1.02805
1359	YDR372C	0.265875	0.929375	0.815275	0.21615	0.03145
1362	YDR375C	0.742925	1.1701	1.224275	0.118275	0.32845
1375	YDR388W	-1.2165	-1.0269	-1.1552	-0.753825	-1.240975
1378	YDR391C	-0.43535	0.507475	0.863625	1.787	0.5244
1386	YDR399W	2.0807	2.549125	1.071675	0.179375	-0.11075
1392	YDR405W	0.818825	1.214225	0.375425	-0.51145	0.42305
1393	YDR406W	-0.265125	0.3761	-0.044775	0.3768	0.81255
1398	YDR411C	-0.80725	-1.168825	-1.678	-0.68915	-0.2269
1422	YDR435C	-0.2117	-0.3321	-0.183475	0.700875	-0.484675
1428	YDR441C	0.268325	1.110775	-0.7551	-0.834075	-0.4971
1429	YDR442W	-0.907875	-1.246525	-0.9411	-0.31515	-0.872975
1435	YDR448W	-0.768	-0.895125	-0.59495	-1.13405	-0.864225
1436	YDR449C	1.424775	1.168775	0.9347	0.1918	0.169625
1450	YDR463W	0.467475	0.338875	0.323575	-0.576	-0.141925
1451	YDR464W	0.00055	1.3193	1.657175	1.233333333	0.329825
1453	YDR466W	0.2076	0.46745	0.059625	0.458475	-0.325225
1461	YDR475C	-0.39325	-0.6926	-0.1165	-0.347	-0.375675
1468	YDR482C	-0.125	0.816425	0.605575	1.38645	0.14345
1478	YDR492W	3.8679	5.915925	2.712775	-1.879775	-3.174575
1481	YDR495C	0.471175	0.524525	1.017075	0.304725	0.4387
1482	YDR496C	1.78215	1.604125	1.629675	0.104675	-0.43145
1500	YDR514C	0.794525	1.267125	1.465225	-0.3112	0.034625
1509	YDR523C	1.45695	1.10655	0.7002	0.006775	0.448275
1511	YDR525W	0.24355	0.2328	0.035625	0.527266667	0.646675
1513	YDR527W	1.96795	1.557525	0.526825	-0.51515	-0.09445
1517	YDR531W	-1.648825	-0.48165	-0.321525	-1.49165	-1.1667
1524	YDR538W	-0.5051	-0.83115	-0.2667	-0.103025	0.12375
1536	YEL005C	-0.38715	-0.3364	-0.990025	-0.19475	-0.371175
1538	YEL007W	-1.28675	-1.300875	-0.7261	-0.060575	0.769875
1554	YEL022W	-0.2866	-0.147975	-0.0893	-0.099575	0.56765
1555	YEL023C	0.58565	0.729025	0.6143	-0.391825	0.55625
1558	YEL026W	0.7023	1.294875	1.115325	-0.21905	0.729275
1566	YEL034W	-0.629625	-0.724975	-1.029225	-0.7036	0.128375
1571	YEL039C	-0.27475	-0.033125	0.320666667	1.170075	0.865925
1579	YEL047C	-0.088625	-0.54835	-0.4115	0.334275	-1.04025
1598	YEL065W	-0.813625	-0.946325	-0.768975	-0.1426	0.148975
1599	YEL066W	-0.736	-0.959025	-1.434475	-1.0457	-0.078875
1613	YER001W	-0.716475	-0.597775	0.02445	0.253675	0.372
1648	YER034W	-0.5302	-0.56425	-0.9489	-0.586725	-0.504
1653	YER039C	-0.881575	-0.17315	-0.3604	-0.179	-0.1053
1667	YER052C	1.0601	0.120575	0.822675	0.492525	0.100725
1668	YER053C	-1.1383	-1.561525	-1.1171	0.290925	0.8148
1677	YER060W-A	0.73045	0.473	0.365525	0.61265	0.224275
1683	YER066C-A	1.134075	0.894725	-0.48005	0.165975	-0.196475
1700	YER082C	1.559975	1.8658	1.2986	0.081125	0.009375
1701	YER083C	-0.441375	-0.5115	-0.608025	-0.53355	0.017575
1716	YER096W	-0.4098	-0.533725	-0.433575	-0.452325	0.223325
1721	YER101C	-0.44465	-0.56985	-0.75225	0.0621	-0.334925
1745	YER125W	0.590175	1.55315	0.93295	0.25275	-0.305975
1746	YER126C	1.419125	2.1749	1.225325	-0.3215	-0.587925
1747	YER127W	1.05365	1.72375	0.743575	-0.7243	-0.11295
1748	YER128W	-0.824925	-1.174525	-0.783925	-0.492025	-0.07565
1749	YER129W	-0.195275	0.625925	0.192675	0.32585	0.716775
1761	YER141W	0.2133	0.3461	0.2103	0.246825	0.366175
1771	YER151C	0.844475	0.2962	0.709225	0.7133	0.303575
1783	YER163C	-0.573225	-0.855675	-1.405175	-0.19685	-0.5096
1787	YER167W	-0.003875	0.521525	0.4922	0.3757	0.428675
1789	YER169W	1.7192	0.76595	0.6471	0.4445	0.086925
1790	YER170W	-0.5167	-1.175125	-1.131925	0.40455	-0.34455
1791	YER171W	1.164525	1.662425	2.16375	0.3834	0.272625
1794	YER174C	0.5121	0.607825	0.8231	0.290025	0.00635
1802	YER182W	0.4516	0.8135	0.472025	0.531375	0.234275
1807	YER187W	-0.10805	0.618925	1.136525	0.4372	0.185525
1808	YER188W	0.3437	0.296825	-0.101525	-0.344025	-0.92375
1821	YFL010C	-0.58435	-1.38625	-1.379025	-0.41855	-0.6229
1825	YFL012W-A	-0.23485	0.183875	1.996725	1.96365	3.3214
1827	YFL014W	-0.625925	-0.579675	2.38135	4.739125	5.545975
1830	YFL017C	-1.57495	-1.6563	-1.684025	-0.618075	1.3291
1837	YFL023W	-0.0492	0.708475	0.727733333	-0.785433333	-0.6902
1858	YFL044C	-0.376275	-0.7619	-0.312725	-0.857575	-0.507775
1864	YFL050C	0.028075	0.127825	0.7029	0.88385	0.501475
1865	YFL051C	1.988725	2.647075	0.870575	0.542375	0.399325
1870	YFL056C	0.2164	0.220925	0.608925	0.24375	-0.649125
1878	YFL064C	0.02825	-0.302625	-0.827025	-0.664366667	-1.932075
1882	YFL068W	-0.30915	-0.468175	-1.1002	0.593175	-1.77105
1896	YFR014C	0.5904	0.8049	0.5505	0.11115	0.79265
1899	YFR017C	-0.5624	-0.761325	-0.89115	0.3305	0.1112
1906	YFR024C-A	-0.585475	-1.0061	-1.217575	-0.5773	-0.211125
1909	YFR027W	-1.0134	-1.630425	-1.415825	0.267825	0.379125
1917	YFR034C	-1.5542	-1.509725	-0.5303	0.2385	-0.589875
1918	YFR035C	-0.787275	-0.7094	-0.60025	-0.251375	0.835
1923	YFR040W	1.046	0.8005	0.68105	1.05735	0.2864
1925	YFR042W	-0.97865	-0.7995	-0.95405	0.2119	0.040825
1933	YFR050C	-0.465425	-0.5801	-1.200425	-0.798425	-0.446375
1942	YGL002W	-0.2915	0.1442	-0.42695	-0.099725	-0.7354
1973	YGL033W	1.7788	1.554	0.874425	0.568375	0.57225
1979	YGL039W	0.058125	0.244	-0.603225	-1.3703	-3.24885
1983	YGL043W	-0.617225	-0.4326	-1.23435	-1.505025	-1.174225
1984	YGL044C	0.938575	1.16135	1.48825	0.335425	-0.70955
1986	YGL047W	-0.815525	-0.486175	-1.229475	0.0135	-0.33235
1994	YGL055W	4.118925	4.59505	1.263475	-5.652425	-7.43145
1995	YGL056C	1.7209	1.69905	1.02645	0.0052	0.065975
2000	YGL061C	-1.27865	-2.395275	-2.097	-0.874325	-0.205125
2001	YGL062W	-0.162166667	-0.019725	0.732525	0.40225	1.381225
2015	YGL076C	-0.45365	-0.4608	-1.360875	-0.51045	-0.59875
2019	YGL080W	0.835675	1.1839	0.885975	0.252725	0.20565
2021	YGL082W	0.8279	-0.056875	-0.065325	0.686	-1.4286
2024	YGL085W	-0.821375	0.00805	-0.4373	-0.73685	-0.5947
2030	YGL091C	-0.545525	-0.35125	-1.08855	-1.09195	-0.81135
2039	YGL100W	-1.17015	-1.7799	-1.975125	-1.23385	-0.65235
2059	YGL120C	1.492025	0.93695	1.1142	0.419575	0.103225
2061	YGL122C	1.535875	1.375025	1.680875	-0.060825	-0.07265
2106	YGL167C	0.183925	0.3177	0.567975	0.8077	0.134975
2108	YGL169W	0.5266	0.8514	1.25225	0.126475	0.454975
2109	YGL170C	1.66405	2.6738	1.70195	0.02415	0.797275
2124	YGL185C	-1.0022	-1.023275	-0.771075	-0.262875	-0.819375
2137	YGL198W	-0.87785	-1.1346	-0.58365	0.5971	-0.09015
2139	YGL200C	-0.25395	-1.112875	-0.94945	0.640575	-0.0572
2140	YGL201C	0.0897	0.589625	0.597	0.58125	0.47665
2148	YGL209W	2.89435	0.689425	-1.831425	-0.7088	1.0665
2155	YGL216W	-0.1258	0.060975	0.395075	0.305425	0.4485
2156	YGL217C	0.7896	0.47995	0.672525	-0.1549	0.255775
2160	YGL221C	-0.528075	-1.549325	-2.61195	-0.8892	-0.70275
2172	YGL233W	0.38125	0.414075	0.4244	0.893575	-0.4954
2177	YGL238W	1.422825	0.98985	0.88165	1.281775	0.10295
2185	YGL246C	1.2469	3.006725	0.740225	-0.8786	-0.140175
2186	YGL247W	0.65675	2.11265	1.192	0.999	0.514275
2187	YGL248W	-1.1971	-1.90375	-1.111275	-0.034225	-0.460875
2194	YGL255W	3.4203	5.133525	3.77245	0.6246	-0.124925
2197	YGL258W	-0.896775	-0.92535	-0.582625	-0.564625	-0.90985
2221	YGR019W	-0.39015	-0.50735	-0.5914	0.272675	0.3405
2223	YGR021W	-0.17485	0.55	-0.18285	-0.90465	0.22075
2225	YGR023W	-0.011325	-0.207925	-0.24405	0.1121	0.190975
2238	YGR036C	2.9159	3.138725	0.755775	0.214325	-0.628975
2246	YGR044C	-1.073925	-0.847025	-1.187875	-0.201325	-0.534
2274	YGR072W	0.1969	1.3192	1.14925	-0.088125	0.68205
2284	YGR082W	0.360925	1.291975	1.408925	0.93025	0.1052
2288	YGR086C	-1.2957	-2.2683	-2.57985	-0.614325	-0.6382
2305	YGR103W	1.177275	1.238125	1.3902	-0.413175	-0.549475
2311	YGR109C	-2.056325	-2.465975	-1.9585	1.12455	-0.46805
2313	YGR111W	-0.95065	-1.670525	-1.7797	0.54025	-0.22045
2315	YGR113W	-0.16485	-0.880225	-0.565725	-0.23865	-0.168975
2335	YGR133W	-0.668425	-0.49325	-0.5983	-0.407325	-0.0567
2338	YGR136W	-1.431325	-1.505625	-1.7184	-1.281575	-0.125175
2340	YGR138C	-0.33245	-0.2143	1.29295	1.4954	1.16635
2344	YGR142W	-2.515075	-3.096625	-2.689575	-0.47865	-0.77595
2347	YGR145W	1.4578	1.2462	0.66825	-0.16175	-0.276675
2348	YGR146C	-0.257625	-0.65465	-1.402275	-1.2796	-1.429475
2361	YGR159C	2.1652	2.365275	2.16235	-0.510725	-0.66835
2363	YGR161C	1.92145	3.303925	3.315475	0.402375	-0.443675
2374	YGR172C	-0.782925	-1.063475	-1.947125	-0.802225	-0.844775
2381	YGR179C	-0.809125	-0.812825	-1.299	-0.949	-0.21335
2385	YGR183C	0.1813	0.99525	0.4383	0.330625	0.566975
2388	YGR186W	0.539825	0.552275	0.622125	0.7148	-0.263375
2396	YGR194C	-0.61135	-0.20835	-0.27375	0.1866	0.365475
2397	YGR195W	0.7641	1.588775	1.007125	-0.068925	0.137325
2403	YGR201C	1.0182	1.511925	1.65075	-0.008575	-0.09365
2409	YGR207C	0.030875	-0.241425	-0.588775	-0.3027	-0.601725
2435	YGR233C	0.07835	0.101125	0.484875	0.1557	0.310275
2436	YGR234W	0.133925	-0.257925	-0.854625	-1.117675	-2.38815
2438	YGR236C	0.204775	0.961225	0.565275	0.7962	0.133025
2444	YGR242W	1.423725	2.50795	0.1681	0.599975	-0.16775
2445	YGR243W	1.783825	2.0556	0.664875	0.373375	0.541075
2448	YGR246C	-0.34095	-0.52465	-0.99055	-0.250475	-0.136025
2453	YGR251W	0.72705	0.9233	1.078125	0.17855	0.372225
2471	YGR269W	0.5016	0.55115	1.182475	0.820825	0.62625
2479	YGR277C	-0.85515	-0.710925	-1.1831	-1.08835	-1.095425
2488	YGR286C	1.54555	3.400175	2.6009	-0.65095	-0.682525
2492	YGR290W	0.130925	0.71145	0.5737	0.1964	-0.295075
2495	YGR293C	0.745525	0.682525	0.5239	0.180575	-0.4015
2502	YHL004W	1.38455	1.567025	1.104825	0.304725	-0.4293
2508	YHL010C	0.581325	0.53075	0.58385	0.622525	-0.143
2510	YHL012W	2.147325	1.855525	1.371575	0.483425	-0.141675
2512	YHL014C	0.569025	0.759225	0.96395	0.318625	0.28585
2522	YHL024W	-0.2747	-0.4161	0.4834	0.754225	0.30915
2529	YHL031C	-1.362225	-1.33445	-1.39745	-0.5788	-0.421875
2548	YHL050C	-0.528325	-0.9683	-0.62045	0.717625	-1.79
2551	YHR002W	0.562025	0.18595	-0.05215	-0.154	-0.495425
2553	YHR004C	1.4347	1.302775	1.16615	-0.38635	-0.546375
2560	YHR011W	-0.65715	-1.38745	-1.077075	-0.413	0.13325
2570	YHR021C	1.22385	1.456025	1.954125	0.715575	0.1596
2571	YHR022C	-1.3304	-1.79005	-1.413925	-1.29115	0.248425
2572	YHR023W	-0.4257	-0.86255	0.140325	-0.397125	-0.216425
2585	YHR036W	1.236575	1.318075	0.819525	0.0816	-0.462375
2593	YHR043C	0.45525	0.83735	0.826975	0.7057	0.251525
2594	YHR044C	0.40115	1.083475	0.426425	0.746375	0.2709
2599	YHR049C-A	0.92135	2.156625	2.89	0.9916	1.4552
2600	YHR049W	2.60015	3.54535	2.051725	0.62765	0.616925
2603	YHR052W	1.530575	2.89725	2.008525	0.01185	-0.52215
2607	YHR056C	0.666625	0.8387	1.020875	0.987925	0.457
2614	YHR063C	-0.1055	-0.911675	-1.313475	-0.994475	-1.451925
2618	YHR067W	-0.95135	-1.011625	-0.60025	-0.278225	-0.3752
2621	YHR070W	2.11145	3.528575	1.55865	-1.36245	-0.7714
2622	YHR071W	-0.733775	0.273225	1.734125	2.149425	-0.24475
2633	YHR081W	1.27285	1.951225	1.630525	-0.13575	-0.0548
2637	YHR085W	1.611225	2.433275	1.122175	-0.65455	-0.51355
2640	YHR088W	1.19345	2.04085	1.516525	0.596625	-0.07545
2641	YHR089C	0.615125	1.000175	0.65985	1.101325	0.006325
2644	YHR092C	4.475575	3.468	-0.924775	-1.130525	-1.689725
2646	YHR094C	3.8536	1.83545	-1.147875	-2.097875	-0.307425
2648	YHR096C	2.42245	1.249225	0.2824	-0.523925	-0.3287
2662	YHR110W	-0.83045	-1.447475	-1.582375	-0.97915	-0.299725
2664	YHR112C	-0.494875	-1.39665	-1.881575	-1.664825	-1.090775
2672	YHR120W	0.6992	0.5561	0.7416	0.5623	-0.0525
2681	YHR129C	-0.9412	-1.022275	-1.344125	-0.307525	0.062975
2700	YHR146W	-1.086725	-1.63985	-1.108175	-0.816675	0.241325
2702	YHR148W	1.26465	2.4652	1.185275	-0.49585	-1.158575
2717	YHR163W	-0.67735	-0.8459	-1.020075	-0.804	0.108075
2721	YHR167W	0.98875	2.061725	0.49295	0.29845	-0.00565
2723	YHR169W	1.8586	2.199275	1.84925	-0.233775	0.043225
2724	YHR170W	2.36275	2.68635	2.399	-0.1657	0.3836
2743	YHR189W	-0.63695	-0.777625	-0.614775	0.151825	-1.651175
2749	YHR195W	0.5634	0.901725	1.7246	0.784375	0.00445
2750	YHR196W	1.31675	1.2088	0.8632	-0.5092	-0.5152
2751	YHR197W	1.561175	1.118375	1.258925	0.188825	0.009475
2763	YHR209W	-0.132675	0.24675	0.63635	0.3465	0.212675
2774	YHR218W	-1.1477	-1.8194	-0.982625	0.338825	-0.797525
2789	YIL014C-A	-0.875475	-0.7498	-1.359225	-1.258775	0.15865
2795	YIL019W	1.059425	1.30685	1.213925	-1.084325	-0.282325
2796	YIL020C	-0.669975	-1.312425	-1.541575	-0.986075	-0.579375
2810	YIL034C	-1.324225	-2.607725	-2.1632	-1.18335	-0.972425
2818	YIL042C	0.991175	1.671	1.1479	-0.02675	0.0755
2823	YIL047C	0.022775	-0.3193	0.4808	0.76385	0.57885
2827	YIL051C	-0.696125	-1.103525	-1.49115	-1.532	0.2981
2838	YIL062C	-1.648125	-1.83835	-1.326425	0.37255	0.135475
2839	YIL063C	-0.824625	-1.19205	-1.477525	-0.231175	0.10745
2859	YIL083C	0.365925	-0.115925	-0.4736	-1.42155	-0.6056
2860	YIL084C	-0.23115	-1.216833333	-0.120033333	-3.6352	-0.380666667
2889	YIL113W	-0.2829	-1.310525	-0.666675	0.567775	0.0081
2890	YIL114C	-0.22585	-0.4689	-0.919675	-0.30875	-1.011525
2894	YIL118W	0.9292	1.70705	0.637125	0.5349	-0.014975
2898	YIL122W	0.8522	0.89585	0.490275	-0.407875	0.90135
2914	YIL138C	-0.6846	-0.783925	-1.283575	-1.036825	-0.7275
2937	YIL161W	0.6558	1.73445	1.56065	0.32545	-0.145175
2940	YIL164C	0.2108	-0.1616	0.2923	0.1861	0.3435
2945	YIL169C	0.021225	0.371325	0.6552	0.458	1.069825
2947	YIL171W	-0.356525	-0.173325	-0.238875	-0.49325	-0.91165
2952	YIL176C	-0.441475	0.717775	0.48475	1.020925	0.57025
2954	YIR001C	-0.13195	-0.98355	-1.0784	-1.2985	-0.911225
2955	YIR002C	-1.044475	-1.026025	-1.05005	-0.496325	-0.0663
2960	YIR007W	1.2939	1.8704	1.206775	1.19535	0.224575
2964	YIR011C	1.544675	2.1388	0.108275	-0.998675	-0.5437
2971	YIR018W	-0.0339	0.010275	-0.019525	-0.85545	-1.784525
2972	YIR019C	0.0512	1.0688	-0.863433333	0.242966667	2.9737
2974	YIR021W	1.1168	1.471525	-0.148975	0.456625	-1.2259
2976	YIR023W	0.2257	0.368025	1.001825	0.6496	0.630975
2978	YIR025W	0.4333	1.221225	0.901575	0.33515	0.124425
2979	YIR026C	2.01295	2.58305	0.542925	-0.00485	-0.80975
3012	YJL015C	0.5171	0.998675	2.159625	1.926025	1.440025
3015	YJL020C	-0.68555	-0.493275	-0.444725	0.5095	-0.19605
3021	YJL027C	0.249275	0.587175	0.9633	-0.347875	0.002125
3024	YJL030W	-1.24515	-1.73655	-0.902875	0.018225	0.035725
3041	YJL048C	-0.438975	-0.269475	0.033525	0.5189	0.020575
3057	YJL064W	-0.742775	-0.921225	-0.595675	-0.098375	0.13455
3061	YJL068C	-1.2165	-1.698375	-2.112025	0.346925	-0.382625
3076	YJL083W	0.353925	0.333675	0.469475	0.570475	0.317525
3080	YJL087C	0.966925	1.058675	0.214375	0.1468	0.11625
3090	YJL097W	-0.8345	-0.9033	-0.6508	-0.40105	-0.615625
3107	YJL114W	-0.5375	-0.60735	-0.4598	-0.33145	0.28705
3118	YJL125C	1.1395	1.7282	0.776575	0.0196	0.061675
3125	YJL132W	0.37535	0.336075	0.440425	0.368725	0.363625
3141	YJL148W	0.54835	1.5949	0.975425	-0.44635	-0.77415
3153	YJL160C	0.187225	0.48975	-0.06985	0.580125	0.005325
3161	YJL168C	0.284775	0.8602	1.224325	1.1279	0.057025
3171	YJL178C	-0.524875	-0.436225	-0.7477	-0.36835	-0.49695
3173	YJL180C	0.933125	1.4626	0.4821	-0.0878	-0.15175
3175	YJL182C	2.063775	2.7464	2.165766667	2.268	0.78965
3178	YJL185C	0.4249	0.879375	0.017475	0.030225	-0.148775
3184	YJL191W	0.5119	1.365975	0.500375	0.263125	0.538875
3193	YJL200C	0.061725	-0.28875	0.93635	0.352325	1.095325
3194	YJL201W	-0.132	-0.81405	0.404325	0.811575	0.581175
3201	YJL208C	1.68535	2.457	1.017275	0.4841	-0.21455
3207	YJL214W	0.30315	0.942875	0.26075	0.50665	0.533125
3210	YJL217W	-1.104525	-1.3724	-2.17225	-1.79025	0.086825
3212	YJL219W	0.759375	0.329825	0.349525	0.188975	-0.24565
3220	YJR003C	0.7039	0.724975	0.974875	-0.2205	0.002725
3227	YJR010C-A	-0.701475	-0.89295	-0.4418	0.2573	-0.043175
3231	YJR013W	-0.73915	-1.0365	-0.822175	-0.313125	-0.026975
3237	YJR019C	0.76265	0.382033333	0.5417	0.7545	-0.780866667
3239	YJR021C	-0.767325	-0.600175	-0.44055	-0.5514	-0.2798
3243	YJR025C	-0.4866	-0.041525	1.558175	2.978625	0.5376
3258	YJR040W	0.803075	0.51355	0.848825	1.3852	0.824625
3265	YJR047C	-0.78515	-1.029125	-0.91465	-0.74445	0.28285
3266	YJR048W	-0.839375	-1.164725	-1.057325	-0.335375	1.312725
3269	YJR051W	0.387425	0.944775	0.6644	0.157666667	-0.307375
3273	YJR055W	1.280675	2.576975	1.38	-0.0375	-0.228125
3274	YJR056C	1.68555	2.511025	1.471975	0.284675	-0.134925
3279	YJR061W	-0.673375	-1.137625	-0.4375	0.109375	0.4706
3291	YJR073C	-0.986125	-0.681725	2.755075	3.142075	1.186775
3297	YJR079W	0.671875	1.553875	0.97945	-0.068675	0.131875
3305	YJR088C	-0.881625	-0.490725	-0.776375	-0.631175	-0.799675
3310	YJR093C	1.27705	1.619175	1.095475	0.3611	-0.081
3313	YJR095W	-0.929625	-0.3865	-1.143025	-0.29605	0.604575
3327	YJR109C	0.004125	0.2536	1.342575	0.981325	1.1245
3329	YJR111C	1.476025	2.94695	2.383775	-0.086375	-0.14165
3336	YJR118C	-0.728025	-1.27105	-1.722225	0.094625	-0.44805
3340	YJR122W	-0.377625	-1.13635	-0.893375	-0.443725	-0.366025
3347	YJR129C	-0.21635	-0.271525	-0.8758	-0.2693	0.57775
3349	YJR131W	0.084275	0.188925	0.561175	0.4246	0.59995
3379	YJR161C	-0.659975	-1.8508	-2.230875	-1.9433	-2.165475
3382	YKL002W	-0.196775	-0.8207	-1.146925	0.581675	0.4366
3388	YKL007W	-0.51105	-1.113425	-1.5675	-0.38535	-0.483
3390	YKL009W	1.77005	2.7641	1.568575	0.011	-0.42265
3392	YKL011C	0.213175	0.681925	0.348475	-0.218575	0.3213
3394	YKL013C	-0.719075	-0.780725	-0.853375	-0.31515	-0.342525
3402	YKL021C	0.346	0.806975	0.2639	-0.25955	0.2554
3407	YKL026C	0.41225	0.99725	0.67635	0.541225	0.06145
3414	YKL033W	0.680675	0.271675	0.1649	0.825575	0.16965
3442	YKL061W	0.6376	1.42805	1.132575	0.717175	0.323075
3450	YKL069W	-0.76955	-0.9704	-0.962875	-0.99035	0.62805
3463	YKL082C	1.18165	2.00855	1.32385	-0.80575	-0.73105
3477	YKL096W	0.840275	1.250775	1.376975	3.427125	2.73145
3481	YKL099C	1.240075	2.5471	1.326775	-0.395475	-0.2857
3485	YKL103C	-1.0214	-1.950175	-0.91335	0.246125	-0.424325
3492	YKL110C	0.861725	0.43395	-0.763825	-1.259875	-0.854925
3498	YKL116C	-0.212475	-0.4489	-0.32425	0.07785	0.246125
3499	YKL117W	-0.151175	-0.2113	-1.0773	-0.241225	-0.705775
3501	YKL119C	-0.784275	-0.551025	-0.666725	0.07285	-0.251
3523	YKL141W	-0.587425	-0.9042	-1.0381	-0.3966	-0.2258
3524	YKL142W	-1.3378	-2.41455	-2.755475	-0.419575	0.026625
3526	YKL144C	-0.7825	-0.58005	-1.173125	-0.839275	-0.437975
3535	YKL153W	-0.7284	-1.211875	-1.45665	-0.006575	0.800975
3550	YKL169C	1.296475	1.892375	1.674275	0.58585	0.0941
3551	YKL170W	0.4991	1.640025	0.86585	0.5319	0.577225
3553	YKL172W	0.803725	1.309725	1.04035	-0.651325	0.54845
3563	YKL182W	0.067175	-0.302333333	-0.407625	-0.880425	-2.2258
3580	YKL201C	-0.458475	-0.35255	-1.01645	-0.311275	0.778825
3585	YKL206C	-0.825375	-0.30555	-0.733975	-0.558925	-0.587975
3600	YKL221W	-1.211875	-1.36825	-1.147025	-1.02515	-0.7755
3602	YKL223W	0.92585	0.93815	0.8047	-0.4542	-1.398975
3610	YKR006C	0.731575	1.26695	0.142325	-0.4855	-0.1713
3616	YKR012C	-0.624375	-1.410625	-1.163975	-1.486325	0.672266667
3618	YKR014C	-0.3108	-0.588225	-1.0607	-0.108025	-0.393525
3624	YKR020W	-0.88235	-0.81575	-0.784425	-0.831925	-0.2631
3626	YKR022C	-1.1161	-0.6539	-1.114975	-0.7983	-0.2962
3629	YKR025W	0.809775	1.1045	0.158175	-0.3399	0.1486
3639	YKR035C	0.593825	1.2984	0.73315	0.0359	-0.1517
3641	YKR037C	-0.891975	-1.178866667	-1.37885	-0.305075	0.07325
3643	YKR039W	1.6472	1.45025	0.162775	0.23715	-0.42345
3654	YKR050W	-0.17725	0.47975	0.07625	0.552725	-0.067
3655	YKR051W	1.07	0.88565	0.922275	0.271025	0.025725
3660	YKR056W	0.8378	0.9074	0.9995	-0.47075	-0.26435
3670	YKR066C	-0.45545	-0.702275	-0.635925	-0.400375	0.796425
3672	YKR068C	-0.70885	-0.523325	-1.2223	-0.8483	-0.169075
3674	YKR070W	-0.346675	-1.35145	-2.2533	-1.3607	-0.48605
3678	YKR074W	-0.66605	-0.643825	-0.588775	-0.17275	0.2382
3679	YKR075C	6.22475	1.76965	-1.1957	-1.14785	1.180825
3681	YKR077W	-1.444325	-2.229975	-1.506075	0.63005	0.1807
3683	YKR079C	0.487425	0.442675	1.124875	-0.2578	0.14935
3685	YKR081C	1.92635	2.5782	1.755875	-0.3999	-0.13395
3691	YKR087C	1.1366	0.83625	0.672	-0.003	0.31215
3695	YKR091W	-0.41765	-0.8263	0.041925	0.160375	0.15715
3748	YLL038C	-0.0704	-0.0829	-0.333875	-0.407425	-1.1762
3762	YLL052C	-0.9131	-1.533625	-0.832025	-0.6761	-1.157325
3772	YLL062C	-0.831125	-0.8392	-1.104825	-0.698	-0.98415
3781	YLR004C	0.014975	0.523225	0.758475	0.953375	0.229375
3795	YLR018C	-0.631075	-0.35875	-0.846266667	-0.587033333	-0.125033333
3802	YLR025W	-0.806975	-0.4898	-0.812075	-0.74085	-0.67055
3807	YLR030W	-0.24765	-0.192125	0.547975	0.756	-0.05845
3819	YLR042C	1.0094	0.51195	-0.29935	0.702325	1.580125
3822	YLR045C	0.0096	-0.559925	0.2121	0.031225	0.248725
3826	YLR049C	-1.40145	-2.286275	-2.03445	0.468125	-0.6825
3828	YLR051C	1.09795	2.138825	0.8437	-0.314825	-0.891
3838	YLR061W	-0.49995	-0.244625	0.76485	0.32245	0.881475
3844	YLR067C	1.151925	2.407125	2.090675	0.6591	0.375
3852	YLR075W	-1.219525	-1.492075	-1.33285	-0.356775	-0.576925
3853	YLR076C	-1.1757	-1.378025	-0.7116	0.174875	0.033725
3872	YLR095C	-0.3766	-1.148475	-0.517325	0.0192	-0.272875
3876	YLR099C	0.954675	1.257	1.223075	-0.225225	0.04795
3881	YLR104W	-0.839875	-0.4643	-0.5532	-0.2302	0.8661
3884	YLR107W	1.484875	2.081425	0.432575	-0.476125	-0.6864
3886	YLR109W	-0.7996	-1.049675	-1.646175	-0.402975	0.929
3889	YLR112W	-0.605625	-0.8847	-1.096525	-0.661025	-0.08445
3894	YLR117C	0.66645	0.2923	0.706075	0.0982	0.918
3898	YLR121C	0.796025	-0.10785	1.185875	1.0398	-0.061075
3899	YLR122C	1.0928	0.853	1.512866667	0.31465	-0.628825
3902	YLR125W	-0.624025	-0.080233333	-0.8907	-0.974575	-0.33155
3905	YLR128W	-0.89755	-0.992425	-1.6667	-1.054275	-0.5984
3920	YLR143W	0.773475	0.9321	0.688025	0.53755	0.463175
3942	YLR165C	0.2628	1.109575	0.3772	-0.1038	-0.133875
3945	YLR168C	-1.37675	-0.81415	0.62285	0.4564	0.639075
3956	YLR179C	-0.851425	-0.792425	-1.289825	-0.847975	-0.154425
3958	YLR181C	-0.711625	-1.1491	-1.515325	-0.469025	-0.41285
3960	YLR183C	-0.66325	-1.921075	-1.2559	0.94005	0.011775
3973	YLR196W	1.0608	1.457225	1.314366667	-0.45765	-0.142275
3988	YLR211C	-0.606	-0.79135	-0.688675	-0.70515	-0.86325
3998	YLR221C	1.08295	2.4259	1.604075	-0.43535	-0.61585
4008	YLR231C	-0.96175	-0.706925	-0.819575	-0.79875	0.111725
4009	YLR232W	3.320225	0.2835	-0.160425	-0.229975	1.694375
4010	YLR233C	-0.5836	-0.660825	-0.39765	-0.06465	-0.1632
4028	YLR251W	0.177425	0.64725	0.220625	0.2589	-0.0163
4030	YLR253W	0.111225	0.68445	0.507625	0.1804	0.28065
4031	YLR254C	1.203375	1.859425	0.8524	0.36485	-0.305175
4040	YLR263W	-0.80895	-0.9866	-0.41105	-0.142275	0.4446
4041	YLR264W	-1.164175	-1.236925	-0.7628	0.118425	0.6631
4044	YLR267W	0.170625	1.01795	0.5705	0.0739	0.5298
4051	YLR274W	0.202875	-0.074075	1.077575	0.3993	-0.247425
4052	YLR275W	0.308975	1.46295	0.721675	0.69325	0.379075
4075	YLR297W	-1.785875	-1.8755	-0.92905	0.347225	1.35995
4095	YLR317W	-0.969425	-0.73015	-0.666	-0.359825	0.04265
4121	YLR343W	0.694175	0.767725	1.271175	0.8753	-0.004
4136	YLR358C	-0.765125	-0.28185	-0.5325	0.372175	-0.33795
4147	YLR369W	-1.465925	-1.003775	-1.235975	-1.100775	-0.10335
4148	YLR370C	-0.7744	-1.531325	-0.768475	-1.254875	0.1663
4170	YLR392C	0.552975	1.016375	0.682025	-0.2528	-0.25685
4189	YLR411W	1.105775	1.021775	0.188075	-0.6575	-0.006375
4192	YLR414C	-1.359725	-2.1048	-0.00705	-0.09975	0.5999
4209	YLR431C	0.223675	1.037666667	0.344075	-0.100475	0.30995
4211	YLR433C	0.160125	0.392125	0.451375	0.627325	0.36045
4220	YLR442C	0.1871	0.73135	0.926375	0.13315	0.192475
4227	YLR449W	1.284625	1.533625	1.046925	-0.322675	-1.224425
4238	YLR460C	-0.383425	-0.433275	-0.69125	-0.454625	-0.0498
4244	YLR466W	-0.519925	-0.980625	-0.2351	0.61395	-0.39765
4246	YML001W	-0.5015	-1.07675	-0.927575	-0.110025	0.083925
4247	YML002W	-0.1026	0.22795	0.7477	0.20895	0.3764
4252	YML007W	0.77265	0.305075	0.59275	0.259225	0.62865
4259	YML012C-A	-0.13195	-0.0949	-0.417275	-0.296775	-0.690625
4266	YML018C	1.0301	1.581375	1.448025	-0.03035	-0.518425
4271	YML023C	0.62475	0.2956	0.673775	0.110625	0.21575
4273	YML025C	0.407	0.291833333	0.1704	0.344425	0.507025
4275	YML027W	-1.0716	-0.748075	-0.7335	1.064475	-0.48985
4276	YML028W	-0.686275	-1.35565	-2.1151	-0.803425	-0.4079
4277	YML029W	-0.69565	-1.5295	-2.11015	-0.772375	-0.200375
4279	YML031W	0.876075	0.336325	0.62125	0.0928	0.198425
4285	YML036W	-0.8657	-0.721975	-0.5	-0.62875	0.215675
4290	YML041C	0.765075	1.08425	0.042825	-0.3289	-0.398425
4292	YML043C	1.0016	0.868375	0.532475	-0.3652	-0.036575
4293	YML045W	-0.585575	-0.7811	-0.428725	-0.95225	-1.2355
4294	YML046W	1.0085	0.53725	0.5958	0.6666	0.390625
4295	YML047C	0.985125	0.761766667	0.213	0.1594	0.297225
4301	YML052W	-1.156525	-1.746425	-1.52505	-1.4478	0.416275
4308	YML058W	-0.79335	-0.991475	-1.114875	-1.002125	1.060025
4309	YML059C	-0.774875	-0.477025	-0.061775	0.481125	0.987875
4314	YML064C	0.1944	-0.471025	-0.634125	0.20485	-1.21665
4317	YML067C	-0.755375	-0.273075	-0.7652	0.65785	0.37495
4321	YML071C	0.10655	-0.2257	0.03525	-0.933175	-1.03655
4333	YML083C	-0.086575	-0.0316	0.022375	-0.801	-0.152375
4359	YML106W	-1.144175	-0.9649	-0.930925	-1.004375	-1.00795
4365	YML112W	-0.794825	0.363425	-0.390175	-0.099675	0.0842
4392	YMR005W	-0.430125	-0.150166667	-0.534075	-0.605975	-0.783
4398	YMR011W	6.685025	5.712875	0.253825	0.111775	0.0205
4401	YMR014W	0.878125	1.479525	0.873175	0.160375	0.258475
4408	YMR021C	0.418	-0.2972	-0.348125	-0.578275	0.174775
4420	YMR032W	0.222125	0.14415	0.816775	0.47165	0.663575
4423	YMR035W	-1.275125	-1.493366667	-1.406625	-0.38045	-0.0302
4426	YMR038C	-1.42135	-2.170525	-2.2185	-2.23145	-1.080325
4427	YMR039C	0.8393	1.6516	1.32595	0.153025	0.2054
4430	YMR042W	-0.33665	0.3016	0.8267	-0.410825	-0.407575
4444	YMR055C	-0.161025	-0.093825	-0.023525	-0.94985	-0.394275
4445	YMR056C	0.551925	0.576975	0.590175	0.008	0.071725
4446	YMR057C	3.6846	2.076425	1.024775	0.510375	0.224625
4448	YMR059W	1.086725	1.951075	1.579025	0.64955	0.110775
4449	YMR060C	0.43465	1.02805	0.351	0.52115	0.172875
4461	YMR072W	-0.4479	-0.733175	-1.322025	-0.2943	0.0848
4485	YMR094W	-0.203175	-0.08565	1.62935	0.904825	1.304875
4490	YMR099C	-0.64385	-0.951575	-1.5539	-0.782875	-0.569825
4497	YMR106C	-0.324825	-0.245775	-0.306275	-0.098475	-0.5343
4529	YMR136W	1.946525	2.095075	0.5307	-0.0605	0.310825
4531	YMR138W	-0.36885	-0.3765	-1.056675	0.948575	0.21955
4539	YMR146C	0.68735	0.83905	1.720925	0.416825	0.853125
4566	YMR171C	-0.116975	-0.789175	-0.42255	0.36275	0.96305
4569	YMR173W	0.8976	1.59905	2.945975	4.8296	1.8806
4570	YMR173W-A	1.00475	2.049625	3.597775	5.3981	2.3119
4574	YMR177W	1.65215	2.004566667	1.951375	1.26875	0.63355
4580	YMR183C	-1.295225	-0.7872	-0.2182	-2.5661	-1.058675
4581	YMR184W	-0.801375	-1.0642	-1.223575	-0.496875	-0.065
4583	YMR186W	-0.6241	-2.508975	-2.64995	-1.53095	-1.98145
4591	YMR193W	-0.33945	-0.744475	-0.48975	-0.374525	-0.454125
4593	YMR195W	1.00535	3.202725	2.809825	1.576225	0.746275
4611	YMR213W	-0.007725	1.301225	0.322525	-0.312925	-0.542375
4634	YMR236W	-1.324925	-1.99435	-1.389225	-0.7297	-0.2304
4637	YMR239C	1.4671	2.063275	1.5683	-0.617075	-0.2357
4645	YMR246W	1.85485	0.781675	0.626625	-2.9341	-3.272875
4649	YMR251W-A	-0.665325	-0.58245	1.777525	5.0352	2.2994
4651	YMR253C	0.426475	0.96075	0.680925	0.4076	-0.08455
4662	YMR264W	-0.437475	-0.93605	-0.968125	-0.173125	-0.1613
4663	YMR265C	1.154075	1.064525	1.511525	0.620825	0.051675
4665	YMR267W	0.848375	1.611475	0.184625	-0.868375	-0.03645
4672	YMR274C	1.3852	2.069575	1.08585	0.13685	0.155
4679	YMR281W	0.72985	0.9362	0.189975	0.5113	0.54265
4700	YMR300C	1.455475	0.628525	1.00635	0.3543	-0.257525
4712	YMR311C	-0.50265	0.413375	0.16715	-0.526175	-0.353275
4713	YMR312W	-1.169725	-1.69725	-1.5519	-1.22515	-0.768675
4723	YMR320W	1.453425	1.521775	-0.31395	-0.300325	-1.17895
4727	YMR324C	0.348825	0.716225	0.202275	0.27415	-0.24155
4731	YNL002C	1.30935	2.44015	1.95815	-0.545125	0.03225
4736	YNL007C	-1.5087	-2.418125	-2.40365	0.107525	0.35285
4737	YNL008C	-0.764175	-0.28715	0.09165	0.128875	0.2046
4738	YNL009W	0.401425	0.24655	0.351625	-0.00955	0.51465
4753	YNL024C	2.3891	5.614775	4.20535	0.81105	-0.0538
4759	YNL030W	-0.159625	0.5699	0.63965	-0.15235	1.358875
4765	YNL036W	2.91385	4.0002	4.78845	4.557975	4.096675
4766	YNL037C	-2.894525	-3.484025	-3.445025	-2.053325	1.324325
4773	YNL044W	-1.117575	-1.196575	-0.179075	-0.667575	-0.0247
4775	YNL046W	-1.061125	-0.7313	-0.6977	-0.440725	-0.267725
4785	YNL056W	-1.10855	-0.68065	-0.4371	-0.041	0.059025
4793	YNL065W	2.5461	2.1359	1.577925	-0.20095	-0.622675
4803	YNL075W	1.310675	1.8473	1.0312	-0.336925	-0.687875
4805	YNL077W	-0.04185	0.1417	-0.5781	1.200766667	0.646033333
4815	YNL087W	0.497325	1.286025	1.0349	0.717975	0.181575
4817	YNL089C	-0.618475	-0.350275	-0.994975	-0.516325	0.11135
4818	YNL090W	-0.549125	-0.514725	-0.853475	0.2501	-1.301925
4819	YNL091W	0.24985	0.6756	0.676325	0.828875	0.558025
4827	YNL099C	-1.084725	-1.955725	-1.389675	-0.7927	-0.465
4840	YNL112W	2.78175	3.02855	1.9113	-1.2064	-0.90615
4847	YNL119W	0.946375	0.941025	1.43485	0.1898	0.477925
4851	YNL123W	1.155775	1.30755	0.686525	0.478525	0.2902
4858	YNL130C	-0.530375	-1.098175	-0.47665	0.5419	0.658825
4869	YNL141W	0.941775	0.948375	0.579875	0.31285	0.6716
4879	YNL151C	1.0661	1.560775	1.227775	-0.399275	-0.434925
4887	YNL159C	-0.92395	-1.074725	-1.2131	0.023	-0.8262
4888	YNL160W	-0.6122	-1.8488	-0.47395	1.379375	0.504275
4894	YNL166C	-0.503025	-0.941225	-0.085525	0.54385	0.5589
4896	YNL168C	-1.3346	-1.078325	-2.021733333	-0.420833333	0.10845
4915	YNL187W	-0.2027	-1.29995	-1.80095	-1.773975	-1.501975
4918	YNL190W	-0.984875	0.527775	2.004025	-1.69145	-2.8389
4930	YNL202W	0.827025	0.600125	0.8983	0.157525	-0.24275
4932	YNL204C	1.12365	1.3791	0.75005	0.321425	-0.09785
4939	YNL211C	0.667	1.394525	1.346725	0.887775	1.2607
4941	YNL213C	0.834225	1.888825	0.495075	0.461125	0.310025
4948	YNL220W	2.350566667	3.1983	1.787425	1.252725	0.119166667
4951	YNL223W	0.63625	0.58975	1.096675	-0.01135	0.35605
4961	YNL233W	0.049075	0.76965	1.1356	0.837375	0.867425
4962	YNL234W	1.5645	2.311425	1.93095	0.009975	-0.4894
4980	YNL252C	0.697975	1.148775	0.51995	-0.1625	0.273175
4989	YNL261W	0.313925	0.599625	0.71755	0.838125	0.492675
4993	YNL265C	0.240475	1.2978	0.74625	0.13385	-0.2409
5002	YNL274C	-0.8436	0.259625	0.099225	0.4042	0.516975
5003	YNL275W	1.2059	1.44475	1.823275	1.188175	0.051825
5009	YNL281W	-1.459225	-1.310375	-1.69335	-1.214575	-0.72725
5016	YNL288W	0.8244	0.878925	0.965575	0.116875	0.906175
5033	YNL305C	-1.68635	-2.694925	-2.109225	0.2389	0.0634
5036	YNL308C	0.97025	1.513925	1.3059	-0.6043	-1.033675
5040	YNL312W	-0.99415	-1.51455	-1.83105	0.988075	-0.255225
5071	YNR004W	-0.292275	1.678575	0.715175	-0.108825	-0.312325
5079	YNR012W	0.310775	0.973225	0.6764	0.421275	-0.41015
5085	YNR018W	0.6331	1.2343	-0.60825	-0.7639	-0.33145
5087	YNR020C	1.0382	1.65195	0.792875	-0.1043	-0.121775
5095	YNR028W	0.75105	0.483	0.790275	0.681325	1.1763
5097	YNR030W	-0.125075	-1.209725	-0.9951	-0.212575	-0.5959
5107	YNR040W	-0.7237	-2.12195	-0.885575	-0.8261	-0.32095
5115	YNR048W	1.5026	1.113	1.501366667	-0.5884	0.629433333
5116	YNR049C	0.86165	1.5748	0.92025	0.332175	-0.038975
5121	YNR054C	0.97665	1.362175	1.039375	-0.16225	-0.111725
5132	YNR065C	0.1457	0.027825	-0.245525	-0.129	-0.811725
5135	YNR068C	-1.6592	-2.320275	-1.623675	-1.157425	-1.351175
5138	YNR071C	0.678675	0.46145	0.05305	-0.700175	-0.9044
5146	YOL002C	3.027275	4.9994	2.27545	-1.777225	-3.533925
5158	YOL014W	-0.88655	-0.444275	0.89385	1.45695	0.92125
5168	YOL024W	0.828266667	2.220733333	0.7988	0.52615	0.1473
5170	YOL026C	-1.255375	-1.097575	-0.9617	-0.324275	0.434675
5171	YOL027C	0.666225	0.91825	1.007375	-0.1992	-0.963375
5176	YOL032W	-1.1946	-1.309125	-1.43715	0.2233	-0.003325
5182	YOL038W	-0.255	-0.780525	-1.0034	-0.752025	-0.8946
5185	YOL041C	1.3325	1.65935	0.8526	-0.226925	-0.34445
5217	YOL072W	0.01915	0.645925	0.69785	0.168675	0.91335
5224	YOL080C	2.002425	3.035075	2.49095	-0.5219	-0.856075
5245	YOL101C	4.659825	6.5682	3.15325	-2.8239	-2.52255
5253	YOL109W	-2.102425	-4.247575	-4.287325	-2.94915	0.575925
5268	YOL124C	2.016025	2.212	1.4834	-0.609975	0.178575
5270	YOL126C	-0.6361	-1.574125	-0.921025	1.210875	1.292775
5279	YOL135C	-0.921325	-1.234625	-1.211025	-0.601825	-0.1514
5283	YOL139C	-0.210075	-0.1876	-0.621875	-0.460025	-0.9381
5287	YOL143C	-0.91885	-0.7183	-0.943925	-0.43835	0.961975
5291	YOL147C	-0.75605	-1.197225	-1.53705	-0.30225	-0.08515
5295	YOL151W	-0.495975	-1.422325	-2.645525	-2.26805	-2.005125
5318	YOR008C	1.421225	0.571375	1.746125	0.3469	0.1531
5319	YOR009W	1.065325	1.182475	1.312925	0.462525	0.46235
5322	YOR012W	-0.39385	-0.28785	-0.441575	-0.525	-0.80295
5330	YOR020C	-0.695866667	-1.47255	-1.690925	-1.332925	0.6237
5331	YOR021C	1.025475	1.965425	1.4151	-0.80315	-0.197425
5349	YOR039W	0.035975	-0.13825	-1.5082	-1.0872	-0.870475
5359	YOR049C	-0.362375	-0.9372	-1.062575	-0.83025	-0.975575
5362	YOR052C	1.466825	1.6861	0.249675	-0.3557	-0.482375
5364	YOR054C	-0.215275	-0.58445	-1.107225	-0.053425	-0.183675
5366	YOR056C	1.348075	1.898675	1.569925	-0.415275	-0.067425
5370	YOR060C	1.678225	1.954325	1.55865	-0.01145	-1.071925
5399	YOR090C	-0.2502	-1.018075	-0.332875	-0.655525	0.21715
5410	YOR101W	2.122275	2.44335	0.785775	-1.195875	-1.173733333
5413	YOR104W	0.406475	0.719775	1.05515	0.35315	0.0855
5414	YOR105W	0.6241	0.872075	0.66715	-0.002225	-0.46265
5416	YOR107W	1.303775	2.13275	2.122075	0.04355	0.36775
5421	YOR112W	0.006475	0.0074	0.04405	0.65895	0.312975
5428	YOR119C	0.7038	1.385075	1.083125	-0.356275	-0.913975
5429	YOR120W	0.643125	0.525275	0.30525	0.477025	-0.34105
5434	YOR125C	-0.2914	-0.482	-1.4732	-0.805475	-0.352275
5439	YOR130C	-1.4932	-0.776425	1.1231	0.685675	-0.209
5444	YOR135C	-1.141175	-2.0056	-2.512275	-0.86145	0.85865
5445	YOR136W	-2.101725	-3.243925	-3.12315	-1.291425	0.509175
5447	YOR138C	0.412325	0.13005	0.494225	0.2524	0.63615
5454	YOR145C	1.0078	1.507375	0.195225	-0.701775	-0.571575
5456	YOR147W	1.5601	1.188025	0.820625	0.44005	0.217925
5466	YOR157C	-0.8053	-0.7215	-1.784125	-1.011025	-0.319275
5482	YOR173W	-1.022675	-0.5236	-0.709525	-0.0309	-0.338675
5488	YOR179C	-1.292875	-0.843925	-0.87955	-1.38945	-0.686475
5495	YOR186W	-0.560225	-0.193225	-0.93055	-0.4778	-0.548675
5504	YOR195W	-0.2788	-0.1974	0.175825	0.5693	0.42685
5517	YOR208W	0.252825	1.2415	1.586625	0.204425	0.714133333
5522	YOR213C	0.33525	1.1884	0.72645	-0.594575	-1.000325
5524	YOR215C	0.530075	1.42605	0.9064	1.181025	0.252175
5532	YOR223W	-0.937825	-1.04595	-1.056025	-0.46975	-0.51545
5534	YOR225W	-3.4824	-3.153966667	-1.486225	-0.11275	0.481
5535	YOR226C	-1.309425	-2.87725	-1.44105	-1.47975	-0.56085
5539	YOR230W	-1.1469	-1.98195	-2.404075	-1.212275	-0.308725
5544	YOR235W	0.257675	0.9175	0.5133	-0.243125	-0.222475
5547	YOR238W	-0.106225	-0.199375	-0.625625	-0.50105	-0.640825
5561	YOR253W	-0.65565	-0.4151	-0.8287	-0.485525	-0.37495
5572	YOR264W	-0.431725	-1.26705	-1.407275	-0.2085	-0.359525
5582	YOR274W	0.960675	1.49485	0.8946	-0.90835	-0.05185
5587	YOR279C	0.4957	0.60715	1.187225	0.8817	0.55025
5589	YOR281C	0.45005	1.496375	0.427975	-0.272775	-0.3574
5595	YOR287C	1.6895	2.23015	0.9921	-0.331525	-0.102675
5599	YOR291W	0.039375	0.3038	0.649175	0.3893	0.579
5600	YOR292C	-1.630433333	-1.732233333	-1.26885	-0.349366667	-0.238266667
5602	YOR294W	1.755675	2.6942	1.9783	0.323825	0.066
5607	YOR299W	-0.313425	-0.11105	0.4899	0.8451	0.509725
5619	YOR310C	0.42185	0.514075	0.336375	-0.552075	-1.69325
5624	YOR315W	-1.847925	-2.209475	-1.460475	-1.5311	-1.087675
5640	YOR331C	-0.248225	-0.492375	-1.1292	-0.37125	-1.2528
5641	YOR332W	-0.469325	-0.437	-0.99625	-0.4585	-1.406375
5648	YOR339C	2.6474	2.86805	1.744625	0.537125	0.276875
5661	YOR352W	-0.8708	-0.7857	-1.28545	-0.449125	-0.40915
5664	YOR355W	-1.11445	-2.5209	-1.44855	0.0477	-0.84535
5666	YOR357C	-0.964	-1.955725	-1.9383	-0.50155	-0.07435
5669	YOR360C	1.953875	1.00545	0.31655	0.065875	-0.409475
5676	YOR367W	-1.494825	-1.91515	-1.150425	-0.603775	0.09505
5688	YOR379C	-0.19615	-0.14015	-0.551075	-0.723725	-0.352775
5694	YOR385W	0.161675	0.808325	1.860075	-0.01105	-0.357325
5696	YOR387C	-0.945825	-0.96915	-0.469575	-0.4857	-1.03935
5705	YPL002C	-0.2946	-0.09305	-0.818475	0.05645	-0.859925
5713	YPL010W	-0.520075	-0.26025	-0.68475	-1.13755	-0.5635
5734	YPL031C	-1.1389	-1.797775	-2.6493	-0.8939	-0.345375
5738	YPL035C	-0.878375	-0.640975	-0.5706	-0.5298	-0.517075
5742	YPL039W	0.894275	1.65945	0.1899	-0.498375	-0.817625
5744	YPL041C	-0.577875	-0.49065	-0.814475	-0.384125	-0.541575
5746	YPL043W	1.48055	1.516425	1.11585	0.189125	-0.54295
5755	YPL052W	0.4364	2.19395	2.138075	0.16555	0.2162
5759	YPL056C	-1.340325	-1.32425	-0.5489	-0.697225	0.292225
5762	YPL059W	-0.858775	-1.124225	-0.8889	-0.029525	0.38655
5763	YPL060W	-0.739725	-0.63545	-0.798075	-0.50965	0.1748
5770	YPL067C	-0.606825	-0.5918	-1.1379	-0.8504	0.03715
5771	YPL068C	1.0441	1.47725	0.5153	-0.802675	-0.249075
5772	YPL069C	1.4234	1.0199	1.772475	0.843075	0.13295
5779	YPL076W	0.79425	1.519725	1.284475	0.316675	0.255075
5780	YPL077C	-1.152725	-0.442525	-0.6507	-0.858375	-0.0483
5785	YPL082C	-0.77935	-0.5664	-0.2896	-0.1388	0.3723
5791	YPL088W	1.59535	2.901275	1.8231	0.291975	-0.21285
5792	YPL089C	0.99585	0.287475	0.822925	-0.107775	-0.01715
5795	YPL092W	0.3171	1.20435	1.614675	0.385575	-0.2816
5797	YPL094C	-0.2484	0.353375	-0.110875	-0.573525	-1.706825
5804	YPL101W	0.302175	0.478525	0.792275	0.475525	0.48
5808	YPL105C	0.7748	1.13405	0.544325	0.5567	-0.05165
5823	YPL120W	-0.715075	-1.54065	-0.89925	-0.52575	-0.055675
5827	YPL124W	-1.546325	-1.456175	-1.743675	0.088025	-0.1038
5829	YPL126W	0.787325	0.766525	0.721825	0.84445	0.718525
5835	YPL132W	0.83115	0.88285	0.3413	0.2099	-0.0082
5839	YPL136W	0.0836	0.972633333	0.5306	0.61955	0.02035
5842	YPL139C	0.679	0.6117	0.857675	0.53205	0.30205
5849	YPL146C	-0.168675	2.94225	0.7968	-0.529025	-1.40725
5860	YPL157W	1.10535	1.147975	0.965675	-0.03575	-0.35165
5862	YPL159C	1.48345	1.9438	1.020775	0.000675	-0.0376
5868	YPL165C	-0.02475	0.41895	0.444375	0.68925	0.5945
5869	YPL166W	2.36745	4.615425	2.54405	3.188266667	0.3065
5878	YPL175W	0.65245	0.7554	0.540875	-0.004425	0.314325
5880	YPL177C	-0.07435	0.18395	-1.23385	-0.71495	-0.231375
5884	YPL181W	0.994025	0.8685	0.837325	-0.13745	0.293875
5888	YPL185W	0.679	1.72525	1.3102	0.532575	0.835925
5891	YPL188W	-0.01575	0.5394	1.438975	0.35495	0.089
5896	YPL193W	1.423225	2.024525	1.6543	-0.37365	-0.704825
5899	YPL196W	-0.770725	-1.447525	-1.348825	-0.171425	-0.4508
5907	YPL204W	1.2363	1.117	1.22635	0.362125	0.05495
5909	YPL206C	-0.380375	-0.913325	-1.77155	-0.643225	-0.547225
5910	YPL207W	0.447675	0.664425	0.595575	0.6061	0.478225
5920	YPL217C	0.95115	0.994225	1.546175	1.110275	0.61695
5932	YPL229W	1.035	0.9788	0.183	-0.1563	-0.13895
5936	YPL233W	0.578475	1.533175	1.6007	0.2489	-0.550725
5938	YPL235W	1.5924	1.72725	1.52395	0.60455	-0.48375
5943	YPL240C	-1.0499	-2.986775	-2.332175	-1.16605	-2.0165
5948	YPL245W	0.890425	1.131075	1.404725	-0.0437	0.400275
5953	YPL250C	0.462575	5.2147	5.805	2.682375	0.1271
5970	YPL267W	-2.08815	-3.63795	-2.1002	1.7457	0.62755
5976	YPL273W	-0.321925	-0.630575	-1.40125	-1.165275	-2.157825
5987	YPR001W	0.17495	0.73885	0.44005	0.408225	0.16215
5994	YPR008W	1.11955	1.425825	0.96275	0.29085	-0.195625
5995	YPR009W	1.1118	2.0702	1.593475	0.512475	0.21435
5999	YPR013C	0.56705	0.690725	-0.4275	-0.843975	-0.82215
6000	YPR014C	0.537625	0.4922	-0.145075	-0.64735	-0.530825
6001	YPR015C	0.177375	1.042675	0.040275	0.02015	-0.771075
6040	YPR054W	-0.038575	-0.425525	0.5183	0.875725	0.3816
6049	YPR063C	-0.93705	-0.309975	-0.1478	-0.473025	-0.5388
6051	YPR065W	-0.536925	-1.553775	-1.207275	0.00615	0.5071
6053	YPR067W	-0.78095	-1.122125	-1.17305	-0.357725	0.101175
6059	YPR073C	-0.6769	-0.74155	-1.185175	-0.6186	-0.24835
6067	YPR081C	-0.530375	-0.0548	0.846825	1.64965	1.903875
6068	YPR082C	1.206825	-1.089825	-1.978625	0.70725	1.1089
6071	YPR085C	0.396625	0.800475	1.11075	0.166075	0.0518
6076	YPR091C	-0.32825	-0.22555	0.33055	0.4679	0.552175
6098	YPR113W	-0.399625	-0.466525	-0.793575	-0.444225	-0.478675
6110	YPR125W	1.893075	1.602125	-0.120275	-1.5964	-0.60115
6113	YPR128C	-0.77725	0.11645	-0.043075	-1.3902	-0.81385
6116	YPR131C	-0.875325	-1.425425	-1.551375	-0.481875	-0.1121
6128	YPR143W	1.278675	2.982225	2.36875	0.212625	-0.245225
6134	YPR149W	-1.553625	-3.314	-3.1387	-0.5772	0.530625
6139	YPR154W	-0.18715	-0.2512	-0.245525	-0.54975	-1.102075
6143	YPR158W	-3.615725	-4.79475	-3.639475	0.455375	-0.087925
6152	YPR167C	0.7274	2.259066667	2.619575	1.145275	0.05415
6153	YPR168W	-0.65455	-0.8257	-0.49925	-1.41935	-1.685033333
6154	YPR169W	-0.00225	-0.625025	-0.588175	-0.985125	-1.16275
6165	YPR180W	-0.8925	-1.28555	-2.144625	-0.46745	-0.66095
6177	YPR192W	-1.038825	-1.19555	-1.2338	-0.40115	0.110875
6189	YPR204W	-0.2303	-1.512825	-0.86245	-0.06255	-1.86095
