SPOT	Gene Symbol	15m	30m	60m	90m	120m
6	YAL007C	-0.688475	-0.705675	-0.889675	-0.2557	1.807966667
7	YAL008W	-0.61165	-0.86605	-0.64615	1.010433333	1.5887
41	YAL040C	3.186975	2.9188	1.632	-0.345766667	-0.227066667
46	YAL044C	-1.610325	-2.298025	-2.82355	-0.425133333	1.710433333
51	YAL049C	-1.0077	-1.293475	-1.049925	0.332266667	1.1598
55	YAL055W	-0.88	-1.16115	-1.126975	0.313033333	0.954366667
56	YAL056C-A	-1.153725	-1.483525	-0.93855	-0.248266667	1.492
58	YAL058W	-0.4932	-0.472375	-0.7498	-0.7408	0.723533333
59	YAL059W	1.8784	2.626025	3.109575	-0.167866667	-0.778466667
60	YAL060W	-1.047275	-1.515025	-1.801675	0.763966667	1.8689
61	YAL061W	-2.110725	-2.59525	-1.33095	1.832133333	2.812266667
62	YAL062W	-0.481025	-0.5449	-0.5259	-0.190566667	1.346866667
63	YAL063C	-1.106525	-1.5634	-1.814025	-0.4274	1.5693
68	YAL067C	-0.2982	-0.679625	-0.431825	0.571333333	0.498533333
76	YAR009C	-1.26575	-0.999	-0.944575	-1.927966667	-1.206566667
77	YAR010C	-1.0019	-0.63515	-0.714575	-1.057533333	-0.937366667
107	YAR071W	-0.07605	0.2009	1.273575	0.3332	1.3788
111	YBL001C	-0.689	-0.80155	-1.182625	0.332666667	1.358966667
116	YBL005W-A	-1.1749	-1.2313	-1.275166667	-1.3069	-0.5738
122	YBL010C	-0.539425	-0.9177	-0.95455	-0.129733333	0.587633333
126	YBL014C	1.314475	1.383625	1.4864	-0.407933333	0.833866667
128	YBL016W	2.1201	1.545825	1.365975	0.3843	1.017833333
136	YBL024W	2.072966667	2.01945	1.729633333	-1.7628	-0.4951
140	YBL028C	1.847333333	1.912225	2.415366667	-1.1763	-0.030366667
141	YBL029W	1.849875	2.0154	2.434275	0.572	-0.302133333
143	YBL031W	-0.672125	-0.958533333	-1.078875	-0.772333333	0.573366667
145	YBL033C	1.65145	0.76045	-0.327475	-0.584433333	0.907433333
147	YBL035C	-0.5646	-0.91605	-0.7468	-0.571166667	0.795533333
148	YBL036C	-0.8181	-0.519225	-0.039725	-0.217833333	0.705833333
150	YBL038W	1.20185	1.041725	1.2434	0.1963	0.649533333
154	YBL042C	1.39455	0.31115	-0.3166	-0.835933333	2.139633333
155	YBL043W	1.309825	0.349125	-0.09165	0.655	1.072266667
173	YBL061C	0.7911	0.901875	0.74475	-0.145466667	0.067533333
176	YBL064C	-1.633725	-1.820025	-1.80445	1.468266667	2.3049
192	YBL080C	-0.377775	-0.38585	-0.7394	-0.298533333	0.7024
193	YBL081W	1.619725	1.6608	2.1506	-0.613433333	0.6227
199	YBL087C	-0.597175	-1.0255	-1.228675	0.513866667	-0.515833333
206	YBL094C	-1.245575	-1.642425	-1.2431	-0.456866667	0.979766667
208	YBL096C	-1.185775	-1.1254	-0.859075	-0.908833333	0.722166667
209	YBL097W	-0.51545	-0.717225	-0.5581	-0.242	-0.5512
210	YBL098W	-0.782	-0.993825	-0.812175	-0.337433333	0.441966667
214	YBL101W-A	-1.367	-1.344125	-1.041675	-0.7722	-0.608366667
216	YBL102W	-1.110825	-1.395575	-0.821	0.7124	1.235066667
224	YBL111C	-3.0756	-3.0254	-2.218475	-0.0691	0.3449
228	YBR002C	1.672825	1.451775	1.437075	-0.3127	-0.191433333
232	YBR006W	-1.008925	-1.2067	-0.6146	-0.5281	0.0014
246	YBR018C	-0.546075	-0.45205	-0.576175	-0.087033333	0.881733333
249	YBR021W	1.294575	0.84545	0.20205	-0.131466667	2.4726
250	YBR022W	-0.358825	-0.313725	-0.06725	0.399766667	1.648133333
254	YBR026C	-0.8752	-1.1521	-1.54455	1.13545	1.314766667
256	YBR028C	-0.005775	0.77705	1.404225	-0.4248	1.108366667
257	YBR029C	0.991025	1.614125	2.11375	-0.2222	0.619733333
258	YBR030W	1.363025	1.89765	2.08715	0.4446	0.423733333
259	YBR031W	-1.1732	-2.082625	-1.9168	-1.207233333	0.594866667
261	YBR033W	3.7618	3.757775	3.927775	0.557633333	-0.628133333
262	YBR034C	3.85095	3.851125	4.07715	0.827333333	-0.587466667
265	YBR037C	-1.61245	-2.2622	-1.4841	0.341633333	1.229566667
270	YBR042C	2.337475	2.2772	2.61665	0.3897	-0.2146
271	YBR043C	2.067325	1.89535	2.120175	0.508966667	-0.8416
274	YBR046C	-0.709325	-0.9014	-0.6143	0.642733333	1.051833333
278	YBR050C	1.720175	1.6078	1.02545	0.5136	-0.226133333
281	YBR053C	-0.8874	-1.14075	-2.4072	0.7155	0.5945
282	YBR054W	-1.652125	-2.3584	-1.721025	0.21475	0.107933333
289	YBR061C	0.79665	0.783	0.95855	-0.669133333	-0.242433333
292	YBR064W	-0.299525	0.33555	0.7795	-1.136933333	1.131733333
294	YBR066C	-0.6575	-0.02335	-0.005575	0.077933333	1.1814
295	YBR067C	0.530875	1.53405	2.001425	-0.530566667	-3.404666667
296	YBR068C	0.92365	0.97615	0.56275	-0.4122	0.696866667
297	YBR069C	1.6405	0.985425	0.427725	-1.147633333	0.026533333
298	YBR070C	-0.8489	-1.41735	-1.140925	0.183766667	1.214066667
299	YBR071W	-2.3182	-2.61715	-1.472875	0.266366667	0.870466667
300	YBR072W	-1.256275	-1.8206	-1.934575	0.989933333	2.2967
318	YBR089W	-0.1327	-1.04925	-1.34	0.571633333	1.891566667
321	YBR092C	0.1268	0.350525	0.6907	-0.311466667	-1.163633333
325	YBR096W	-1.0946	-1.7695	-2.2959	0.2967	0.920733333
332	YBR104W	1.381775	2.5115	2.623575	-1.55625	-1.10645
333	YBR105C	5.263375	3.412533333	1.82375	-0.823233333	-0.03975
339	YBR111C	-1.032325	-1.051825	-1.164825	0.514333333	2.063533333
364	YBR136W	0.347925	0.0233	0.1167	0.7067	0.661466667
370	YBR142W	0.861925	0.913275	1.14685	-0.387833333	0.236433333
374	YBR146W	0.79345	0.8371	1.106	-0.4564	0.0895
376	YBR148W	-0.31395	-1.010166667	-0.65195	1.32785	1.14675
383	YBR155W	1.6199	1.923075	2.0883	-0.7788	-0.335766667
387	YBR159W	-0.5741	-1.079975	-0.881475	-0.1462	0.8527
393	YBR164C	-0.1121	-0.07915	0.5032	0.537766667	1.816033333
397	YBR168W	-0.927425	-0.754875	-0.818775	-0.055133333	0.498966667
412	YBR183W	0.20575	-0.252775	-0.481825	1.386533333	1.649533333
436	YBR207W	1.283775	1.393525	1.228275	0.117166667	0.201633333
439	YBR210W	-0.22085	-0.197325	0.556925	0.3878	1.3826
440	YBR211C	0.972025	1.10365	0.975675	0.621166667	0.547966667
443	YBR214W	-0.6711	-0.92825	-0.881625	-0.470933333	1.431866667
446	YBR217W	0.098525	0.287575	0.74585	0.962566667	0.774966667
451	YBR222C	-0.654575	-1.045925	-0.567925	-0.168866667	1.574966667
465	YBR236C	-0.814525	-1.447675	-0.96485	-0.5705	0.265066667
467	YBR238C	0.970325	1.314825	1.363675	0.289266667	0.516833333
473	YBR244W	-1.384325	-1.655175	-1.617725	0.3866	0.355833333
475	YBR246W	0.556275	0.8199	0.99	0.2407	-0.2813
476	YBR247C	1.858325	1.989325	1.782325	-0.717633333	-0.898
480	YBR251W	0.72295	0.7929	0.78895	0.699866667	0.7543
487	YBR258C	0.8197	0.400775	0.7278	-0.1037	0.588166667
495	YBR266C	2.8553	2.183925	2.8585	-0.041966667	0.5445
499	YBR270C	0.29195	0.413075	0.68565	-0.3205	-1.75125
508	YBR279W	1.276775	1.1262	0.779475	0.138133333	0.130933333
514	YBR285W	1.147975	1.24365	1.8304	0.748833333	1.283433333
526	YBR297W	2.38105	2.939425	1.22565	0.472533333	0.1326
529	YBR300C	0.8661	0.87215	0.970825	0.033433333	1.1278
538	YCL008C	0.0528	0.17125	0.5261	0.005266667	1.8413
539	YCL009C	-0.520225	-0.77655	-0.470825	-0.176433333	-0.358766667
548	YCL020W	-0.84395	-1.06875	-0.59475	0.069233333	-0.2563
550	YCL022C	-2.175375	-2.95165	-2.206475	0.1594	1.345666667
555	YCL026C-A	1.432325	1.842225	2.543125	1.1489	0.8063
560	YCL031C	2.434625	2.31865	2.312875	0.539766667	-0.279933333
562	YCL033C	-1.249825	-1.7301	-1.661775	0.860166667	1.318533333
569	YCL040W	-0.5909	-2.064825	-1.38245	2.931633333	3.540066667
576	YCL047C	-0.97215	-1.2423	-1.4814	-0.662066667	0.303333333
582	YCL053C	1.842875	2.1389	2.829825	-1.163466667	0.551266667
583	YCL054W	2.023375	2.527525	2.2699	-0.1107	-0.296
587	YCL058C	1.8007	1.115025	1.45595	-0.357466667	0.1633
592	YCL064C	-0.27195	-0.134666667	-0.307	-2.1378	0.899866667
603	YCLX02C	2.82675	3.259	3.209575	-0.0819	-0.7229
609	YCLX09W	2.24055	1.8276	0.895075	-0.366366667	0.789866667
617	YCR005C	1.98375	0.801025	0.224675	0.335433333	0.475633333
620	YCR008W	0.880375	0.9919	0.91965	-1.2927	0.272966667
621	YCR009C	-1.007725	-1.0609	-1.2034	-0.289566667	1.574433333
625	YCR013C	-1.137475	-1.567625	-1.255175	0.270233333	2.3843
626	YCR014C	-0.6247	-0.94185	-1.04335	-0.373766667	0.7545
627	YCR015C	-0.32405	-0.0732	-0.129375	0.5122	1.7232
628	YCR016W	1.788625	2.058075	2.199025	-0.604133333	-0.495133333
629	YCR017C	-0.017375	-0.08755	0.433825	-0.367866667	1.545933333
631	YCR019W	-0.568425	-0.524425	-0.275575	-0.363133333	0.8898
636	YCR023C	-0.96075	-0.929475	-0.373775	-0.7514	0.8877
637	YCR024C	-0.6453	-0.464	-0.3153	0.016866667	0.496466667
641	YCR027C	0.724975	1.042525	1.431425	0.2273	0.885333333
669	YCR056W	2.423025	2.65725	2.470575	-1.573366667	0.649566667
670	YCR057C	0.990525	1.011275	1.060225	-0.789333333	0.1358
673	YCR061W	-1.356025	-1.564175	-1.23455	-0.011266667	1.611766667
679	YCR068W	-0.673175	-0.94275	-0.994025	-0.0467	0.169733333
680	YCR069W	-1.016225	-1.404175	-1.07695	-0.3896	0.877266667
682	YCR072C	3.1033	3.027575	2.20395	-1.278366667	0.690033333
686	YCR075C	-1.6542	-1.828925	-1.63055	0.7062	0.764866667
687	YCR076C	-0.71875	-1.44975	-1.06025	0.1162	0.9392
711	YCR101C	0.38555	1.4765	-0.534	0.8639	-5.6458
713	YCR103C	0.782475	1.667425	1.551125	0.0462	-0.927566667
716	YCR106W	-1.359975	-1.258425	-0.846575	0.010033333	1.325933333
720	YCRX03C	1.414275	1.52765	1.477925	0.135066667	0.266966667
721	YCRX04W	2.289	2.049925	1.861875	-0.117433333	0.5973
733	YCRX17W	-1.004775	-1.542475	-1.6523	-0.2476	1.7453
739	YDL002C	1.0688	1.22665	1.5827	0.4265	0.3906
740	YDL003W	-1.1654	-1.702	-1.135675	0.367066667	1.092633333
743	YDL006W	0.484675	0.699	0.7639	0.421166667	0.142
755	YDL018C	-1.2197	-1.56225	-3.006925	1.5212	0.275766667
757	YDL020C	2.255475	2.5997	1.970575	0.449966667	-0.1963
758	YDL021W	-1.5271	-2.36065	-3.6718	0.775866667	3.045633333
759	YDL022W	-1.721775	-1.724	-2.948275	-0.4188	0.9188
760	YDL023C	-1.025425	-0.990775	-1.921575	-0.343933333	1.591566667
766	YDL029W	-0.566225	-1.310575	-1.67195	-0.149633333	-0.1268
768	YDL031W	1.19125	1.9649	1.5774	0.147266667	-0.531566667
769	YDL032W	-0.92675	-0.97805	-0.917633333	-0.0692	2.89345
770	YDL033C	-0.873	-1.0301	-0.824625	-0.632433333	0.763933333
774	YDL037C	3.882375	4.60665	3.726325	0.519433333	-1.242933333
776	YDL039C	2.94665	2.6989	3.121325	1.79865	-2.238
779	YDL042C	1.3278	1.432075	1.0436	-0.598933333	-0.907
782	YDL045C	1.071625	0.552425	0.539875	0.7695	-0.1772
785	YDL048C	2.67275	1.69625	1.045675	0.1296	0.156666667
786	YDL049C	4.830325	4.979775	4.323	2.68035	-0.7036
787	YDL050C	0.476575	0.76515	1.06195	-0.706133333	-1.5278
788	YDL051W	0.272725	0.7384	1.355625	-1.178866667	-2.201266667
797	YDL060W	1.9207	1.70555	1.692525	-0.620966667	-0.339766667
805	YDL068W	-0.03665	0.31385	-0.03965	0.775666667	2.570866667
806	YDL069C	0.60225	0.986625	0.947475	0.535733333	0.078466667
809	YDL072C	-0.880625	-1.28235	-1.312875	1.083766667	1.207666667
811	YDL074C	0.90085	0.56105	0.707575	-0.606266667	0.6649
824	YDL087C	0.7737	0.348175	0.976875	0.314866667	0.7338
827	YDL090C	-0.9605	-1.393925	-1.85485	-0.1419	0.6875
831	YDL094C	-0.998475	-1.43705	-1.3094	-0.094333333	0.148066667
836	YDL099W	-0.404975	-0.75015	-0.9593	-0.7095	-1.532133333
841	YDL104C	-0.5796	-1.0132	-1.153475	-0.032533333	0.746633333
842	YDL105W	-0.5994	-1.185575	-0.8351	-0.104433333	-0.003733333
848	YDL111C	1.83345	1.971175	1.389525	0.522533333	-1.1102
857	YDL120W	-0.166125	-0.5743	-0.538275	0.639	2.1314
859	YDL122W	1.476675	1.50775	1.1442	0.1127	-0.332466667
861	YDL124W	-1.6451	-2.308025	-2.56335	1.2813	0.6411
862	YDL125C	-1.002	-1.115275	-0.4234	0.010533333	-0.9109
866	YDL129W	2.3124	2.330525	3.1015	-0.108433333	-1.238633333
867	YDL130W	-0.787025	-1.382775	-1.2622	-0.561566667	-0.3767
873	YDL135C	-1.056125	-1.2853	-1.25535	0.381433333	1.296
880	YDL142C	0.6333	0.37465	0.3512	0.254166667	-0.6971
882	YDL144C	-1.03565	-0.98825	-0.95315	0.0108	-0.560166667
886	YDL148C	1.125	0.633125	0.835875	-0.117866667	-0.197266667
888	YDL150W	2.700433333	2.368375	2.1413	0.2004	-1.423566667
889	YDL151C	2.4325	2.763525	2.4115	-0.348633333	-0.243033333
891	YDL153C	1.303	1.977275	2.3695	-0.785866667	-0.5921
907	YDL169C	0.496825	1.155675	0.91635	1.975066667	1.315166667
910	YDL172C	-1.258	-1.073525	-0.825025	-0.592866667	0.9043
913	YDL175C	0.16825	0.85595	0.496775	-0.063233333	-0.0751
932	YDL194W	1.63145	1.233775	0.144325	-0.084766667	-1.065233333
939	YDL201W	1.13635	1.45055	2.2169	0.443166667	-1.002
942	YDL204W	-0.5899	-0.36245	-0.9768	2.377266667	2.003466667
943	YDL205C	1.784	2.487125	2.3467	-0.396366667	0.1217
946	YDL208W	0.77515	0.52875	1.27545	0.182566667	-1.294066667
949	YDL211C	0.5828	0.930925	0.8899	0.540466667	1.053466667
952	YDL214C	-0.218525	-0.442025	-0.811275	-0.6485	0.0806
954	YDL216C	-0.791675	-0.9942	-1.13355	-0.087666667	0.5741
955	YDL217C	0.277175	0.6587	0.93845	0.0307	-0.014866667
957	YDL219W	-1.0504	-1.599025	-1.106375	-0.506133333	0.750933333
959	YDL221W	-1.55025	-1.634975	-1.449125	-0.4217	1.386233333
964	YDL226C	-1.202366667	-1.5679	-1.39525	-1.1045	0.0082
976	YDL238C	-1.3907	-1.48645	-1.52805	0.0771	1.297066667
985	YDL247W	-0.77435	-0.41805	-0.5646	0.081866667	-1.2955
997	YDR011W	-0.19845	-0.353625	-0.539175	-1.1165	0.4285
998	YDR012W	-0.84205	-1.457575	-1.82925	-1.197566667	-0.142633333
999	YDR013W	0.523	0.691875	0.30075	0.971	0.527433333
1003	YDR017C	1.780466667	1.573575	0.59435	-0.059733333	0.072133333
1004	YDR018C	1.37825	0.97295	0.30725	1.3936	1.359066667
1005	YDR019C	-0.960425	-1.26845	-2.0465	-0.532866667	3.1274
1007	YDR021W	2.5224	2.58965	1.72525	0.007533333	0.122166667
1018	YDR032C	-1.15045	-1.035325	-1.512225	1.204	3.137366667
1029	YDR043C	-1.591975	-1.3935	-0.43045	0.0783	-0.226466667
1031	YDR045C	0.0171	0.28085	1.11185	-0.019233333	0.120566667
1032	YDR046C	1.852025	2.2912	2.462375	0.589166667	0.077333333
1035	YDR049W	0.91985	1.296625	1.449025	-0.2488	0.1004
1036	YDR050C	-1.184	-1.078375	-0.963325	0.571066667	1.3739
1040	YDR054C	1.29345	1.30775	2.587925	1.213033333	0.484233333
1046	YDR060W	0.61425	1.3815	1.4056	-1.166333333	-0.4711
1047	YDR061W	-0.55595	-0.427075	-0.3003	-0.551	1.3719
1049	YDR063W	-0.81535	-1.5176	-1.5055	0.281866667	1.135133333
1051	YDR065W	-1.819225	-1.664075	-1.870575	-0.9419	0.182566667
1052	YDR066C	-1.04325	-1.66395	-1.5469	-0.235766667	-0.433733333
1053	YDR067C	0.417525	0.24175	0.375975	0.833066667	1.225666667
1056	YDR070C	-0.63035	-0.68995	-0.791075	1.2471	2.115033333
1058	YDR072C	1.6187	0.81145	0.2695	0.059733333	0.7273
1061	YDR075W	3.45195	3.28595	2.119425	-1.2489	0.187866667
1069	YDR083W	0.6305	0.579975	1.003925	0.072966667	-0.121966667
1070	YDR084C	-0.580025	-1.289925	-2.364625	1.3244	0.836566667
1077	YDR091C	1.160275	1.092225	1.005975	-0.234966667	0.2151
1086	YDR100W	-1.8993	-1.710575	-2.467375	1.682633333	1.3303
1087	YDR101C	2.277425	2.42615	3.16805	-1.215933333	-0.499333333
1088	YDR102C	1.08645	1.65805	1.45325	0.695733333	0.2591
1093	YDR107C	-1.0347	-0.96275	-0.876425	0.026566667	0.772633333
1095	YDR109C	-0.5723	-0.65655	-0.8245	0.447233333	0.316733333
1097	YDR111C	1.05675	1.210825	1.36515	0.121966667	-0.302266667
1099	YDR113C	-0.943675	-1.237325	-0.74755	-1.105866667	1.2917
1101	YDR115W	-0.43835	-0.732625	-0.5175	0.268166667	1.7905
1102	YDR116C	0.41775	0.8131	2.08985	1.128133333	1.7253
1109	YDR123C	0.755075	2.163525	1.700175	-0.567633333	0.765666667
1111	YDR125C	0.2718	0.899775	0.93005	1.950033333	1.675366667
1112	YDR126W	0.78115	0.93175	1.169425	0.5185	0.424233333
1116	YDR130C	-2.31935	-2.0347	-1.96565	-0.655033333	0.526233333
1117	YDR131C	-0.6782	-0.629075	-0.63345	0.173	0.427633333
1118	YDR132C	-0.753175	-1.1761	-0.614675	-0.354566667	0.921066667
1126	YDR140W	-2.36665	-2.6453	-1.63385	-0.782166667	-0.1573
1128	YDR142C	1.211675	1.721525	1.77185	0.600666667	0.036266667
1129	YDR143C	1.376225	1.893975	1.1933	0.099966667	0.205533333
1130	YDR144C	-0.64355	-0.9751	-1.39085	-1.193666667	-0.2936
1137	YDR151C	2.21135	1.534575	2.073	0.024066667	0.465833333
1138	YDR152W	1.319525	1.65775	1.876575	0.473266667	0.245666667
1146	YDR160W	-0.4556	-0.3138	-0.37815	1.0963	1.321966667
1147	YDR161W	0.982125	1.3351	1.2632	-0.219766667	-1.028933333
1151	YDR165W	0.447675	1.30615	1.226475	-1.607766667	-1.786133333
1157	YDR171W	-2.9536	-3.17995	-3.1893	0.393633333	1.327333333
1159	YDR173C	-0.52365	-0.754175	-0.725425	0.079433333	-0.144266667
1161	YDR175C	0.748975	0.63895	0.474325	-0.072566667	-0.001833333
1163	YDR177W	0.627775	0.557975	0.876025	0.2604	-0.3677
1165	YDR179C	-0.65075	-1.485475	-0.9147	-0.9826	0.502166667
1166	YDR179W-A	-1.2137	-0.967275	-1.058375	-0.163366667	1.6088
1171	YDR184C	4.0466	4.144525	3.7176	0.137733333	-1.391366667
1172	YDR185C	1.858475	1.63765	1.47815	1.494033333	-2.009033333
1177	YDR190C	0.562075	1.839425	1.3154	0.056566667	-0.9151
1178	YDR191W	0.360775	0.6804	0.498925	-0.085866667	-0.814533333
1181	YDR194C	1.19155	2.2483	2.616425	-0.1441	-0.354466667
1182	YDR195W	2.60655	2.73825	2.3278	1.204033333	-1.032066667
1184	YDR197W	0.7517	1.3672	0.99465	0.363266667	-0.064333333
1185	YDR198C	0.9549	1.12815	0.790525	-0.017333333	-0.8422
1191	YDR204W	-1.578325	-1.36125	-1.9228	0.9669	0.730266667
1196	YDR209C	-1.4263	-1.90115	-1.67445	-1.021533333	0.5496
1197	YDR210W	-1.720075	-2.426675	-1.419425	-0.875166667	0.9601
1200	YDR213W	-1.81595	-1.65505	-1.70045	-1.087866667	-0.564166667
1201	YDR214W	-1.7001	-2.046325	-2.837225	-1.107933333	-1.134466667
1203	YDR216W	0.014575	-0.495375	-0.3177	-0.459833333	1.305766667
1208	YDR221W	-0.986875	-0.9279	-1.029925	0.209966667	0.3862
1221	YDR234W	-0.866625	-0.33385	-0.414725	1.1367	0.839733333
1227	YDR240C	1.402575	1.504675	1.2915	0.127533333	-0.6301
1229	YDR242W	-1.27025	-1.144675	-0.7506	-0.382033333	0.252933333
1232	YDR245W	0.046925	1.4208	1.104675	-0.619266667	-0.307933333
1235	YDR248C	-2.37795	-2.56095	-2.728775	-0.410433333	0.9617
1239	YDR252W	-0.22615	-0.5025	-0.389525	-0.028533333	0.957666667
1241	YDR254W	-1.196375	-0.988675	-1.242475	0.373733333	0.689766667
1242	YDR255C	-1.103975	-1.357925	-0.893125	0.078266667	0.9015
1244	YDR257C	0.5599	0.984375	1.076925	-0.0559	-0.498033333
1245	YDR258C	-1.23505	-1.863825	-1.92955	-0.0289	0.7126
1251	YDR264C	-0.024325	0.33345	-0.957075	-1.855766667	0.646033333
1259	YDR272W	-1.17615	-1.687925	-1.787375	-0.677933333	1.445066667
1261	YDR274C	2.483925	2.55805	2.253725	-1.255966667	-3.182033333
1262	YDR275W	1.779475	1.90445	1.72355	-0.677033333	-1.974966667
1263	YDR276C	-1.0573	-1.51135	-1.240075	1.1508	1.882
1264	YDR277C	6.434175	5.263125	1.0979	0.770833333	-0.1157
1265	YDR278C	1.5632	1.665025	1.584325	-0.664	-1.0894
1266	YDR279W	0.03615	-0.211675	-0.733625	-0.0492	-1.1711
1267	YDR280W	1.824575	2.010025	1.8994	0.495633333	-0.664133333
1273	YDR286C	-0.948725	-1.525425	-0.9762	-0.231266667	0.554033333
1274	YDR287W	-1.108425	-0.88435	-0.921325	0.360266667	0.886033333
1275	YDR288W	0.3811	1.054225	0.971775	0.5777	-0.613233333
1284	YDR297W	2.387425	2.324575	1.598675	-0.196033333	-0.4916
1286	YDR299W	2.1298	2.2364	1.717375	-0.050833333	-0.900966667
1287	YDR300C	0.879875	1.1007	1.227175	-0.637766667	-0.357633333
1291	YDR304C	-0.963875	-1.508975	-2.06045	0.4888	0.8146
1296	YDR309C	0.816625	1.177625	0.6409	0.337666667	0.5634
1298	YDR311W	0.914875	1.02485	0.469575	0.3258	-0.114666667
1299	YDR312W	1.544225	2.869725	2.070975	-0.056333333	-0.934066667
1309	YDR322W	0.5389	0.971025	0.7442	0.165033333	-0.127966667
1311	YDR324C	1.754725	2.024125	1.450925	-0.297366667	-0.643866667
1314	YDR327W	-0.06285	-0.543475	-0.5515	0.8711	-0.419866667
1315	YDR328C	-0.39605	-0.5134	0.03985	0.932933333	0.3487
1319	YDR332W	1.2077	1.61855	1.255925	0.135233333	-0.2185
1320	YDR333C	0.749475	0.793875	0.71775	-0.056566667	-0.2044
1324	YDR337W	0.912175	1.160825	1.264975	0.2396	0.154733333
1326	YDR339C	1.74685	1.15115	1.965	0.2084	-0.6682
1329	YDR342C	4.184325	4.08395	2.291466667	-0.235566667	-0.291933333
1330	YDR343C	4.734525	3.114525	2.243225	0.330833333	-0.605866667
1331	YDR344C	0.969075	0.6358	0.361725	0.599233333	-0.160133333
1332	YDR345C	5.39285	3.46265	2.8221	-0.680466667	-0.465433333
1333	YDR346C	1.603925	2.27565	1.7023	-1.3496	-0.556233333
1341	YDR354W	0.125275	0.168025	0.655225	0.1568	0.5942
1344	YDR357C	-1.0823	-1.2046	-1.013125	-0.025666667	-0.542566667
1348	YDR361C	1.50635	1.74195	2.18745	-0.534766667	-1.630733333
1352	YDR365C	1.362175	1.805175	2.078225	-0.6548	-2.0197
1354	YDR367W	-0.44515	-1.0942	-1.41545	-0.063566667	0.6715
1355	YDR368W	-1.294325	-1.542025	-1.975875	0.092733333	0.173733333
1365	YDR378C	-0.78535	-1.089425	-0.9384	0.3623	-0.0953
1367	YDR380W	-1.314675	-1.07695	-1.561225	-0.620766667	-0.9097
1371	YDR384C	0.2287	-0.648225	-1.1533	-1.148933333	-0.683466667
1377	YDR390C	0.90315	1.187725	1.15885	0.3919	-0.115766667
1384	YDR397C	1.603075	0.921675	-0.052	-0.1481	-0.678633333
1385	YDR398W	3.068225	2.486225	2.0021	-1.168133333	-1.0676
1386	YDR399W	3.23065	2.648775	1.452675	-0.715266667	-0.6417
1392	YDR405W	1.12995	0.861225	0.6762	-0.121166667	-0.877066667
1398	YDR411C	-1.4207	-1.719375	-2.404875	-0.427833333	0.647233333
1399	YDR412W	2.333775	2.6984	2.4551	-0.239166667	-1.6363
1400	YDR413C	2.05645	1.959475	1.956725	-0.180133333	-1.002933333
1404	YDR417C	-0.691675	-1.117125	-1.35865	-0.3512	-0.304766667
1415	YDR428C	-1.026075	-0.625175	-0.651525	-0.1328	-1.294666667
1429	YDR442W	-1.33855	-1.28835	-1.389525	-0.875	1.589466667
1431	YDR444W	0.3804	0.691975	0.409925	-0.4596	0.581433333
1433	YDR446W	0.592475	0.597375	0.120525	0.996966667	-1.713133333
1436	YDR449C	2.54715	2.39395	1.991275	0.263566667	-0.799866667
1438	YDR451C	-0.876675	-0.39815	0.96395	0.072	2.271733333
1440	YDR453C	-1.242375	-1.152675	-1.81265	1.9784	0.8321
1452	YDR465C	0.6642	1.2916	1.573633333	3.3921	-3.1437
1453	YDR466W	1.15305	0.9692	0.5047	-0.520466667	-0.2199
1456	YDR469W	-0.361	-0.775	-1.1341	0.37135	0.01815
1457	YDR470C	-0.591775	-0.793175	-1.01415	0.599733333	0.3737
1464	YDR478W	-1.51105	-1.1877	-0.89185	-1.131866667	-0.376233333
1466	YDR480W	-0.8665	-1.2164	-1.166475	-0.247866667	0.364833333
1475	YDR489W	1.433325	1.18925	1.232875	1.056733333	-0.178833333
1477	YDR491C	1.8629	1.968575	2.087125	0.345866667	-2.644833333
1478	YDR492W	4.20585	4.405425	3.983775	-1.059933333	-3.9774
1482	YDR496C	2.7837	2.7983	3.163675	-0.1284	-1.191433333
1483	YDR497C	0.025275	0.964225	2.481675	0.351733333	0.5365
1487	YDR501W	-0.970225	-1.12215	-0.75995	-0.399133333	0.191033333
1489	YDR503C	-0.677525	-0.7778	-0.622975	1.003633333	0.8345
1494	YDR508C	1.554225	1.74505	0.78105	0.060833333	0.027966667
1495	YDR509W	1.516725	1.6949	-0.009475	-0.139733333	-1.5044
1499	YDR513W	-0.135975	-0.787275	-1.016525	2.179166667	0.5465
1500	YDR514C	1.54515	2.699425	2.301725	-0.0851	-0.7606
1503	YDR517W	-0.950425	-1.016575	-2.22895	0.526966667	0.303833333
1509	YDR523C	3.400975	3.8952	2.975225	1.2588	-2.210433333
1512	YDR526C	1.632975	1.867125	1.4625	-0.291966667	-0.567366667
1513	YDR527W	2.463125	2.326625	1.8672	-0.282966667	-1.2338
1514	YDR528W	-2.106825	-1.2856	-0.10875	0.1414	0.5449
1516	YDR530C	0.168275	0.310325	1.073025	1.211866667	0.157966667
1519	YDR533C	-0.797	-1.568075	-1.38445	2.462366667	1.168266667
1526	YDR540C	-0.5023	-0.686425	-0.257075	0.568066667	0.410766667
1538	YEL007W	-2.5528	-2.751225	-1.84635	-0.465133333	1.048666667
1542	YEL011W	-0.684475	-1.205025	-1.339025	0.5284	0.593533333
1547	YEL016C	-1.817575	-1.5289	-1.490675	-0.8879	0.363833333
1566	YEL034W	-0.726875	-1.1004	-0.957675	-0.214466667	0.382166667
1570	YEL038W	-0.50905	-0.6362	-1.0848	0.931266667	0.460233333
1571	YEL039C	-0.30885	-0.5463	-0.322675	2.475533333	1.546133333
1578	YEL046C	1.5998	1.551125	2.1558	0.1075	-0.132133333
1580	YEL048C	-0.141375	0.30365	0.83245	-1.2205	0.309133333
1582	YEL050C	0.50375	1.226425	0.4522	0.3631	1.139033333
1589	YEL057C	0.912	0.6853	1.19085	0.301	-0.732233333
1596	YEL063C	0.7442	1.851266667	1.209075	-0.517	-0.292666667
1599	YEL066W	-0.89845	-0.859633333	-1.54055	-0.9401	-0.103433333
1607	YEL074W	-1.380275	-0.906925	-0.40975	-0.102766667	-1.697866667
1609	YEL075W-A	-1.719575	-1.418675	-1.1757	-0.650833333	-0.8835
1613	YER001W	-0.582625	-0.70585	-0.34165	0.140133333	-0.5493
1614	YER002W	0.982825	1.420425	1.080525	0.391533333	0.151333333
1622	YER009W	-0.841125	-1.0542	-0.663525	0.4359	-0.209766667
1633	YER019W	-0.477225	-0.665275	-0.239525	0.098433333	0.433233333
1640	YER026C	-0.504925	-0.263625	0.5586	1.967133333	0.8535
1651	YER037W	-1.072625	-0.713525	-0.139575	0.6901	-0.7993
1652	YER038C	-1.398575	-0.7578	0.316975	1.492566667	-0.116133333
1653	YER039C	-1.019975	-0.8843	-0.729	0.585166667	0.465966667
1658	YER044C	-0.245375	0.1431	0.095325	1.8014	0.575166667
1671	YER056C	3.5243	2.68045	0.376125	-0.8441	-0.85
1678	YER061C	-0.263425	-0.357775	-1.176825	-0.745933333	0.033866667
1683	YER066C-A	0.96385	0.57275	0.1958	0.787733333	0.1291
1689	YER071C	-0.8216	-0.7328	-0.660925	0.396533333	-1.0422
1691	YER073W	1.1641	1.443333333	1.24525	-0.8762	-1.552533333
1695	YER077C	0.941625	1.2561	0.765075	-0.155933333	-1.977833333
1696	YER078C	0.54925	1.018925	1.27435	0.1023	-0.200333333
1699	YER081W	0.613225	1.648875	0.867625	0.944366667	-0.068933333
1700	YER082C	1.5448	2.403375	2.31065	-0.610766667	-1.574733333
1703	YER085C	-0.472075	-0.8406	-1.588775	0.182833333	-0.2418
1719	YER099C	0.426925	1.12755	0.4236	-0.6567	-0.025466667
1721	YER101C	-0.640625	-0.551075	-1.564575	-0.331033333	0.247
1727	YER107C	0.74385	0.791025	1.021675	-0.005366667	-0.274566667
1738	YER119C	-0.96705	-1.6813	-2.349425	-0.296666667	1.115366667
1744	YER124C	-1.073325	-1.239075	-1.568375	-1.9162	0.1424
1746	YER126C	1.902375	2.24805	2.592	-0.970633333	-0.766466667
1747	YER127W	3.185	2.85295	2.2991	-0.199266667	-1.818333333
1751	YER131W	-0.6379	-0.7848	-0.824825	-1.1837	-0.825166667
1764	YER144C	-0.613275	-0.4785	-1.1005	-0.637066667	-0.3552
1766	YER146W	-0.8586	-1.0049	-1.171925	-0.3535	-0.235166667
1768	YER148W	-0.017775	0.65465	1.132375	-0.569766667	0.466266667
1770	YER150W	-0.55705	-0.608525	-0.52325	3.1321	2.122333333
1772	YER152C	-1.069425	-1.28465	-1.695825	-0.807066667	-0.1207
1773	YER153C	-0.444325	-0.576175	-0.32935	-0.7248	-0.343833333
1774	YER154W	-0.71495	-0.51585	-0.208925	-0.477233333	-0.257133333
1776	YER156C	0.7402	1.436825	1.94045	-0.0276	-0.8063
1781	YER161C	1.521575	0.9666	1.046325	0.285566667	-0.13
1783	YER163C	-1.347075	-1.40625	-1.6164	0.445333333	0.0497
1789	YER169W	1.872625	2.11925	1.20135	0.0852	0.508366667
1791	YER171W	0.7145	1.506875	1.3383	-0.009933333	-0.644466667
1792	YER172C	-1.09905	-0.790525	-1.025225	-0.874666667	-0.513933333
1795	YER175C	0.183275	0.9953	2.115075	1.330266667	0.4494
1797	YER177W	-1.19505	-1.715775	-1.299975	1.283733333	0.110833333
1805	YER185W	0.806825	0.799025	1.895975	-0.078533333	-1.3835
1812	YFL-TYB	-1.186275	-0.8581	-1.15595	-0.497066667	-0.944433333
1814	YFL002C	1.106725	1.096475	1.9455	-0.7014	-0.371966667
1815	YFL003C	0.584975	0.619025	0.6985	0.562	0.076333333
1821	YFL010C	-1.0162	-1.0996	-1.36305	0.1322	0.235133333
1822	YFL010W-A	-0.977275	-1.452725	-1.348775	0.122733333	0.074766667
1823	YFL011W	3.361175	3.21695	1.245	0.359866667	0.185533333
1825	YFL012W-A	-0.835525	-0.666	-0.155625	6.960766667	7.538566667
1827	YFL014W	-1.205675	-1.475375	-1.63655	9.408366667	10.1651
1829	YFL016C	-1.3401	-1.1933	-0.696375	0.2768	-1.997
1830	YFL017C	-0.8051	-1.64775	-1.135225	0.4814	-0.376233333
1835	YFL021W	-0.0347	-0.6783	-0.494325	4.8138	3.1223
1842	YFL028C	0.36805	0.702825	1.48595	0.725133333	-0.081733333
1844	YFL030W	-0.5427	-0.735325	-0.587625	0.560966667	0.1097
1848	YFL034C-A	-0.416925	-1.512025	-2.260075	-0.4574	-0.532866667
1849	YFL034C-B	0.90075	0.83835	0.48165	0.205833333	-0.0502
1858	YFL044C	-0.96205	-1.1283	-1.3874	-0.2265	-0.0311
1863	YFL049W	0.16495	0.419575	0.594175	-0.035633333	-0.898133333
1864	YFL050C	-0.214875	-0.331775	-0.59975	1.996266667	2.093866667
1865	YFL051C	0.77035	1.232375	0.02845	2.554133333	1.009866667
1866	YFL052W	0.89735	2.002275	0.87595	0.197166667	-0.441066667
1870	YFL056C	0.8997	1.01215	1.013025	0.809266667	-0.1631
1875	YFL061W	-0.821925	-0.8172	-1.136025	0.3401	-1.3126
1881	YFL067W	-0.491775	-0.62445	-0.70775	-0.492533333	0.8105
1894	YFR012W	0.055825	0.247575	0.1403	1.6633	0.570866667
1896	YFR014C	1.499575	0.8824	-0.291575	1.051466667	0.167933333
1899	YFR017C	-1.1093	-0.948575	-0.953075	1.647733333	1.197666667
1902	YFR020W	0.5556	0.800225	1.868075	0.5894	-0.327
1907	YFR025C	-1.1914	-1.022575	-1.2544	-0.5366	0.499966667
1910	YFR028C	0.007425	0.027575	0.347275	-1.184366667	0.935933333
1915	YFR032C	2.35965	2.244475	1.290975	0.157533333	-0.9477
1916	YFR033C	-1.105625	-1.36375	-0.554175	-0.358966667	0.5042
1917	YFR034C	-0.759975	-1.07435	-0.038175	0.213733333	0.5537
1918	YFR035C	-0.798325	-1.415825	-1.05455	-0.292566667	1.5907
1922	YFR039C	-0.603425	-1.06465	-1.170625	-0.724466667	-0.3544
1923	YFR040W	1.495925	1.61505	1.255925	0.177266667	-0.191233333
1925	YFR042W	-1.0732	-1.8355	-1.9884	0.423766667	0.296766667
1926	YFR043C	-0.36345	-0.522125	-0.90095	0.054333333	-0.616
1928	YFR045W	-1.372975	-1.10235	-0.706925	0.376566667	-0.1936
1933	YFR050C	-0.827475	-0.636775	-0.416625	0.814466667	-1.693533333
1936	YFR053C	0.87165	0.507875	0.114325	4.1047	2.887366667
1937	YFR054C	-0.464466667	-0.8091	-0.82495	-0.576133333	-0.66505
1938	YFR055W	0.45115	1.5361	1.193875	-1.100266667	-2.141633333
1948	YGL008C	-0.310375	-0.783875	-1.272025	-2.251	0.172466667
1950	YGL010W	0.2628	0.199225	0.8673	1.630166667	-0.629766667
1954	YGL014W	0.857875	0.731675	0.654	-0.003066667	-0.1514
1957	YGL017W	1.102875	0.945175	0.1934	-0.158533333	-0.937866667
1958	YGL018C	-1.28935	-1.2197	-2.0665	-0.453166667	0.842233333
1961	YGL021W	-1.6046	-0.942025	-0.60895	-0.546333333	0.545133333
1965	YGL025C	-0.842825	-0.62635	-0.62885	-0.2695	-0.168166667
1967	YGL027C	-0.5721	-0.5561	-1.41805	-0.7683	0.666933333
1969	YGL029W	2.6567	2.4124	2.607875	0.148366667	-0.477466667
1970	YGL030W	-0.476975	-1.0009	-1.292625	-0.300333333	-0.537833333
1973	YGL033W	0.97105	1.424275	0.47495	0.918766667	-0.2103
1975	YGL035C	2.379775	-0.18045	-1.729	-0.922933333	0.315233333
1977	YGL037C	-1.10675	-1.644775	-2.4148	4.0536	1.721633333
1979	YGL039W	0.082925	0.81395	1.07375	0.005366667	-3.258866667
1984	YGL044C	1.82985	1.7318	2.066325	0.581466667	-1.383366667
1985	YGL045W	-0.665175	-0.7012	-0.550975	-0.3184	0.0443
1986	YGL047W	-1.35165	-1.32595	-1.385375	1.5801	0.0439
1994	YGL055W	3.1137	4.730825	4.5155	-3.416266667	-9.761566667
1995	YGL056C	2.623175	2.9757	1.791875	-0.026266667	-0.699533333
1997	YGL058W	0.599	1.35345	1.4377	0.868433333	-0.342733333
2000	YGL061C	-0.88355	-1.906375	-2.11975	-0.002966667	0.6399
2003	YGL064C	1.088825	1.470433333	1.0411	0.010466667	-0.4165
2009	YGL070C	0.4785	0.668075	1.1223	0.332933333	-0.5646
2012	YGL073W	-1.03265	-1.2029	-0.73115	-0.16	1.1701
2015	YGL076C	-0.616625	-1.151166667	-1.15895	-0.773466667	-0.6146
2019	YGL080W	1.40335	0.708225	1.54235	0.930066667	-0.1973
2020	YGL081W	1.222525	1.0548	0.44635	0.960933333	-1.2396
2026	YGL087C	-0.95115	-1.110625	-1.312025	0.424733333	0.278033333
2027	YGL088W	0.104475	-0.402875	-0.674875	1.169	-0.816466667
2028	YGL089C	-0.49655	-0.326225	-0.45345	0.231666667	-0.7652
2037	YGL098W	-0.1283	0.34275	0.08085	1.343933333	-0.5409
2038	YGL099W	1.668075	2.009275	1.701575	-0.864533333	-0.4114
2040	YGL101W	0.358825	0.80175	0.93535	0.121033333	0.292
2046	YGL107C	1.149575	1.599125	0.86315	-0.285833333	-0.161966667
2047	YGL108C	-0.949325	-1.042125	-1.36195	0.071066667	0.173733333
2048	YGL109W	-1.1093	-0.787775	-1.382025	-0.109133333	0.841266667
2056	YGL117W	1.284425	1.908325	1.5441	0.9465	-0.303333333
2058	YGL119W	0.97845	1.207025	0.472725	0.4927	-0.893566667
2059	YGL120C	1.716975	2.064175	2.2007	-0.444633333	-0.793633333
2060	YGL121C	-1.089725	-0.9611	-0.96215	0.8513	1.0371
2061	YGL122C	1.309275	1.65645	2.23385	0.500433333	-0.1872
2062	YGL123W	-0.8266	-1.1233	-1.04365	-0.1365	-0.0784
2071	YGL132W	-0.2578	-1.0663	-0.675575	-0.1221	-0.9948
2072	YGL133W	-1.128775	-1.16585	-0.7264	0.560633333	0.105833333
2075	YGL136C	-1.730975	-1.8982	-2.255925	-0.915666667	-1.5015
2079	YGL140C	-0.504925	-0.2604	-0.1754	0.291433333	-1.202966667
2082	YGL143C	-0.969875	-0.9346	-1.543425	0.067766667	0.213266667
2083	YGL144C	1.48175	1.167275	0.915975	-0.401533333	-0.582233333
2085	YGL146C	1.6316	1.412075	0.052325	0.297766667	0.717333333
2100	YGL161C	-0.60765	-0.6718	-1.7753	0.293666667	0.3816
2101	YGL162W	1.705375	1.416	0.287	-1.015166667	-1.461966667
2109	YGL170C	3.201175	2.87535	2.921225	-0.4125	-3.139833333
2115	YGL176C	1.216525	1.32445	1.676925	-0.239266667	-0.2646
2117	YGL178W	0.622	1.075175	0.6933	0.284366667	0.3857
2123	YGL184C	0.175125	0.876475	1.416825	0.8528	-0.231533333
2124	YGL185C	-0.8947	-1.20615	-1.72465	-0.7463	0.355866667
2129	YGL190C	1.63055	1.84255	0.797425	-0.329466667	-0.417633333
2130	YGL191W	-0.513525	-0.524175	-0.3177	0.732166667	0.710666667
2131	YGL192W	0.801525	0.52455	0.747875	0.032266667	-0.641933333
2137	YGL198W	-0.760325	-0.680525	-1.13025	0.808133333	0.6234
2147	YGL208W	-1.1931	-1.928625	-2.996875	-0.1304	0.901166667
2148	YGL209W	5.27575	2.890975	-0.92685	-0.403533333	0.426866667
2156	YGL217C	0.65025	0.58485	0.827275	-1.3629	0.0249
2160	YGL221C	-1.0069	-1.5103	-1.41675	-0.3202	-0.3039
2163	YGL224C	-0.977675	-0.856825	0.423575	0.495433333	0.137266667
2164	YGL225W	-0.897375	-1.430325	-0.972025	-1.321166667	0.295966667
2168	YGL229C	-1.00925	-0.876	-1.522175	0.653066667	0.0646
2176	YGL237C	0.957225	0.7281	0.369525	-0.247433333	0.224966667
2181	YGL242C	-1.039325	-1.50535	-2.27475	0.660066667	-0.326
2186	YGL247W	1.026975	1.279975	1.771325	0.8599	0.070266667
2190	YGL251C	-1.141375	-1.3459	-0.7655	0.305166667	1.591733333
2194	YGL255W	4.867725	5.4637	5.125725	0.802933333	-0.184633333
2195	YGL256W	1.514225	1.895725	1.661075	-0.695066667	-0.8868
2206	YGR004W	0.207825	0.962425	0.943025	0.286966667	-0.659166667
2214	YGR012W	-0.565475	-0.873375	-0.421375	0.103666667	-0.095933333
2221	YGR019W	-0.8091	-0.634075	-1.441575	1.284733333	1.9249
2226	YGR024C	0.29235	0.351575	1.3518	0.5216	-0.1051
2237	YGR035C	5.20695	2.58595	3.132725	0.695866667	-0.7713
2238	YGR036C	2.840675	2.539975	1.32065	-0.1586	-1.0552
2240	YGR038W	-0.7035	-0.822825	-1.296825	0.299533333	0.315833333
2242	YGR040W	0.72075	1.3234	1.18025	-0.1441	0.149133333
2245	YGR043C	-0.49325	-0.31645	-0.56585	1.943133333	1.889266667
2248	YGR046W	1.8872	1.77895	1.37995	0.369033333	-0.391466667
2250	YGR048W	2.17615	1.566	1.877425	1.631033333	-1.3504
2251	YGR049W	-0.736575	-0.145175	1.0483	0.786166667	1.0528
2264	YGR062C	0.764075	0.5328	0.56995	0.880233333	-0.1584
2266	YGR064W	0.306066667	0.313775	0.515275	0.9492	-0.632533333
2267	YGR065C	0.036475	0.516675	1.964425	-0.144433333	-0.0081
2271	YGR069W	-0.21535	-0.2173	-0.63185	1.979166667	0.6751
2274	YGR072W	0.7813	1.303675	1.249225	-0.083333333	-0.566033333
2282	YGR080W	-0.581025	-1.005675	-1.39585	0.577666667	-0.478633333
2283	YGR081C	2.03	1.590975	1.679875	0.3236	-0.397333333
2287	YGR085C	-0.77295	-0.8527	-1.228325	-0.8171	-0.0262
2291	YGR089W	0.319825	0.862475	0.7386	-0.394766667	0.682866667
2295	YGR093W	1.056	1.263025	1.20845	-0.0961	-0.0903
2297	YGR095C	1.1408	1.386825	1.4373	0.204933333	-0.272666667
2298	YGR096W	-0.06085	-0.1568	-0.016475	-0.325633333	0.841833333
2301	YGR099W	-0.89235	-0.4346	-0.3843	-0.6989	1.3818
2304	YGR102C	-0.36495	-0.483025	-0.492725	-0.535633333	-0.1647
2306	YGR104C	-0.147	0.207275	0.0338	1.111533333	0.9901
2310	YGR108W	0.735825	1.753975	1.9116	-0.5368	0.367933333
2311	YGR109C	-2.696325	-1.9142	-1.0712	0.492666667	1.026133333
2314	YGR112W	-0.07615	-0.156675	-0.6787	-0.197466667	0.900233333
2319	YGR117C	0.025775	-0.239975	-0.687	0.481466667	-0.9958
2330	YGR128C	1.1947	1.692575	1.599325	-0.676466667	-1.394033333
2333	YGR131W	0.8071	2.170125	4.267525	2.162866667	-0.9832
2335	YGR133W	-0.828125	-0.8002	-0.870425	-0.548466667	0.257133333
2339	YGR137W	-1.79315	-1.3478	-1.290425	-0.4274	0.060866667
2343	YGR141W	-1.268675	-1.83895	-1.877525	-0.4203	0.376266667
2344	YGR142W	-3.323225	-3.0539	-1.3117	-1.476066667	-0.431566667
2347	YGR145W	1.837775	2.6705	2.1965	-0.8531	-1.3255
2348	YGR146C	2.762525	2.151	0.713075	-0.778966667	-1.646466667
2349	YGR147C	1.424525	1.572825	1.96515	0.344	0.3274
2350	YGR148C	-0.599275	-0.846925	-1.26825	-0.658833333	0.202333333
2351	YGR149W	-1.059925	-0.972175	-1.630125	0.632266667	0.900433333
2353	YGR151C	1.184475	1.103175	0.7866	0.661433333	-0.221466667
2355	YGR153W	-0.460975	-0.70655	-1.05075	0.274866667	1.1056
2359	YGR157W	-1.048475	-0.679575	-0.188075	-1.633	0.707166667
2360	YGR158C	0.6361	0.8502	1.464	-0.280833333	-0.577233333
2362	YGR160W	2.897125	3.393125	3.777225	-1.131533333	-2.448633333
2363	YGR161C	4.45015	2.77455	0.929225	-0.7723	-1.987333333
2367	YGR165W	1.051575	1.011625	1.29435	0.676033333	-0.8382
2368	YGR166W	1.252	1.36565	1.1573	0.2164	0.347466667
2374	YGR172C	-1.424525	-1.71065	-1.9719	-0.406433333	-0.293833333
2376	YGR174C	0.5256	0.938175	1.3262	1.627266667	1.3473
2378	YGR176W	1.100225	1.213425	1.847425	0.3662	-1.1752
2379	YGR177C	0.6387	1.68435	2.589475	0.043566667	-0.3808
2385	YGR183C	0.472525	0.66075	0.59975	0.483033333	0.020333333
2388	YGR186W	0.678825	0.6915	0.99275	0.351466667	0.000466667
2389	YGR187C	1.630875	1.7758	1.8841	-0.666166667	-0.0136
2396	YGR194C	-1.30315	-1.932625	-1.519575	0.004833333	1.4507
2397	YGR195W	0.568	1.013975	1.61365	0.035366667	-1.485333333
2399	YGR197C	0.454475	0.421675	1.2817	-0.836066667	-1.305466667
2400	YGR198W	0.740825	1.218775	1.1156	-0.945833333	0.3298
2403	YGR201C	1.3459	1.8176	1.610225	0.101133333	-0.5028
2408	YGR206W	-0.62965	-1.544125	-1.2706	0.540266667	0.038966667
2411	YGR209C	-1.163425	-1.5945	-1.5649	1.603633333	0.923033333
2413	YGR211W	1.188475	1.656175	1.466375	-1.1473	-1.3782
2414	YGR212W	-0.7622	-1.3186	-1.236225	0.375733333	-0.120933333
2415	YGR213C	-1.046775	-1.04865	-1.20125	-0.093466667	-0.621466667
2416	YGR214W	-0.902925	-0.9409	-1.146775	-0.8757	-0.199
2418	YGR216C	1.36335	0.737375	0.746775	0.263966667	-0.208333333
2422	YGR220C	1.290725	2.1651	1.742675	0.831466667	0.065233333
2424	YGR222W	0.1557	-0.232625	0.208775	1.248	0.7725
2430	YGR228W	1.682825	1.506375	1.5635	0.445266667	0.6137
2431	YGR229C	1.742475	1.977275	1.36785	0.375566667	0.308133333
2432	YGR230W	-0.327275	-0.43765	-0.27025	1.8579	1.072233333
2436	YGR234W	-1.355625	-0.739375	-1.016175	-1.811666667	-3.2237
2445	YGR243W	2.745825	1.6256	0.1554	0.824366667	0.747433333
2450	YGR248W	-1.277025	-2.435725	-2.304	4.783266667	0.767566667
2458	YGR256W	-0.974825	-0.6519	-1.07135	-0.0827	-0.220466667
2460	YGR258C	0.96945	1.03705	1.522925	-0.390666667	0.0668
2470	YGR268C	-0.37035	-1.35225	-0.99255	0.924433333	0.14
2472	YGR270W	-0.36335	-0.498575	-0.497775	0.1643	-0.373566667
2474	YGR272C	1.82635	3.162275	2.10555	-1.0577	-1.1703
2479	YGR277C	-0.9409	-0.781175	-0.55895	-0.127666667	-0.163466667
2480	YGR278W	0.0164	1.1935	1.067525	-0.396466667	-0.2635
2482	YGR280C	1.769425	2.97855	2.591575	-0.629433333	-0.8593
2485	YGR283C	1.859075	2.262175	1.901875	-0.427366667	-0.9768
2486	YGR284C	-0.035475	-1.21275	-1.6398	-0.539966667	0.8834
2488	YGR286C	3.08555	4.4493	3.18325	0.249333333	-1.7115
2490	YGR288W	-0.072725	-0.450075	-0.399275	0.311533333	1.132633333
2494	YGR292W	1.483875	1.6527	1.205925	0.7862	0.861266667
2502	YHL004W	1.050325	1.34035	1.587475	-0.1197	0.166233333
2504	YHL006C	-0.853225	-0.808175	-1.07385	0.644866667	0.5595
2506	YHL008C	1.001175	1.316475	0.835825	-0.1431	-0.222533333
2510	YHL012W	5.47935	5.310125	4.369275	0.342533333	-1.6579
2511	YHL013C	1.5812	1.878875	1.01195	0.4815	-0.870733333
2514	YHL016C	0.378775	0.5642	0.546	-0.074033333	0.0613
2519	YHL021C	-0.89835	-2.14855	-2.2278	1.329133333	0.773566667
2524	YHL026C	1.132825	0.4571	0.927575	-0.2326	-1.029266667
2527	YHL029C	1.43515	1.066125	0.5937	-0.718366667	-0.727933333
2529	YHL031C	-1.182075	-1.23225	-1.85705	-0.5009	0.1597
2531	YHL033C	-1.100375	-1.3511	-1.3384	-1.426366667	0.164366667
2537	YHL039W	0.299575	0.1923	0.663775	-0.368633333	-1.113233333
2538	YHL040C	-0.603925	-1.232375	-2.307325	-2.513466667	-0.101166667
2549	YHR001W	-1.036975	-0.924125	-1.18735	-0.537666667	1.123433333
2550	YHR001W-A	-0.9152	-0.9631	-1.0884	1.083566667	1.2781
2553	YHR004C	1.52715	2.351	1.375825	0.6871	-0.2958
2557	YHR008C	-1.212975	-1.0388	-1.636475	0.1789	-0.130666667
2560	YHR011W	-1.336475	-1.741125	-2.11875	0.084566667	0.579733333
2567	YHR018C	-0.537325	1.105825	3.45695	1.412966667	-0.243133333
2570	YHR021C	3.470175	1.4007	0.707325	0.407766667	-0.584166667
2571	YHR022C	-1.7005	-1.07515	-1.1173	0.3418	0.238866667
2572	YHR023W	-0.913625	-0.627933333	-0.53485	-0.76785	-0.823733333
2577	YHR028C	-1.14565	-0.73955	-0.976	-0.721266667	0.678133333
2582	YHR033W	0.019825	0.8489	0.93175	0.772266667	0.315933333
2585	YHR036W	0.773925	1.244925	1.0167	0.708166667	0.160133333
2591	YHR041C	-0.99695	-1.36345	-1.176925	0.522933333	-0.7484
2593	YHR043C	0.225775	0.582575	0.31555	1.429833333	0.047266667
2599	YHR049C-A	1.45965	2.020625	2.409025	0.7939	-0.305633333
2600	YHR049W	2.86745	4.47675	3.7693	2.212633333	0.098633333
2603	YHR052W	2.2469	2.188325	2.72465	-1.274166667	-1.002833333
2612	YHR061C	1.551775	1.270825	0.58235	-0.1438	0.089066667
2616	YHR065C	1.121	1.268475	0.8798	-0.0386	-0.759033333
2617	YHR066W	3.16915	2.822525	3.4234	0.141366667	-0.252233333
2620	YHR069C	2.8635	2.4374	2.293725	-0.137333333	-1.379433333
2621	YHR070W	2.086675	2.435125	1.35225	-0.4226	-0.431533333
2622	YHR071W	0.05815	1.062625	0.579025	1.0828	2.4471
2624	YHR073W	0.40485	0.996875	0.6488	-0.635766667	-0.658933333
2633	YHR081W	1.65795	2.1662	2.589875	0.8928	-1.141533333
2637	YHR085W	2.41895	2.30255	1.620975	-0.282566667	-1.4985
2639	YHR087W	-2.453975	-2.307875	-2.302925	5.7384	3.8927
2640	YHR088W	2.378075	1.73495	2.1209	-0.721333333	-0.6047
2642	YHR090C	1.810575	1.03675	0.888533333	-0.6229	0.233766667
2644	YHR092C	5.1008	4.67925	1.15	-1.415466667	-0.008166667
2646	YHR094C	3.48915	2.94485	0.405	-1.616766667	0.061833333
2647	YHR095W	0.8397	0.0885	0.2538	1.4906	1.32205
2648	YHR096C	2.9354	2.66795	1.133375	0.252933333	0.491233333
2654	YHR102W	-0.506575	-0.583075	-0.63885	0.422733333	0.464633333
2661	YHR109W	-1.41685	-1.53005	-1.36725	-1.1056	-0.811
2662	YHR110W	-0.8374	-1.266525	-2.146675	1.488533333	1.624333333
2663	YHR111W	-1.36835	-1.21775	-1.374575	-1.1485	0.455866667
2664	YHR112C	-1.150825	-0.601025	-1.782425	0.090333333	0.477633333
2668	YHR116W	-0.046325	-0.3121	-0.521025	0.933533333	0.153
2681	YHR129C	-2.00015	-2.1078	-1.700225	-0.8901	0.8623
2688	YHR136C	0.130775	0.5682	2.1958	2.44645	1.526566667
2689	YHR137W	-0.707775	-0.6427	-0.624525	0.773933333	1.731066667
2690	YHR138C	-0.7983	-1.013125	-0.316375	1.853966667	1.109766667
2691	YHR139C	-0.78855	-0.6802	-0.66745	-0.253333333	0.832
2693	YHR140W	-0.73015	-0.841025	-0.8847	0.115666667	-0.5309
2700	YHR146W	-1.52015	-1.03655	-1.2097	-0.474233333	-0.752133333
2702	YHR148W	2.0999	2.839075	2.9664	0.157466667	-0.6145
2705	YHR151C	1.591325	1.191975	0.9325	0.166733333	-0.712533333
2707	YHR153C	-1.2441	-1.07205	-1.27455	0.6704	0.131933333
2708	YHR154W	-0.988825	-0.788175	-0.798275	-0.597933333	-0.4442
2711	YHR157W	0.451175	0.799725	0.64185	0.5034	-0.3415
2717	YHR163W	-0.739825	-1.327275	-1.3468	-0.8095	-0.152766667
2721	YHR167W	1.6559	1.124225	1.5728	0.5968	-0.221833333
2723	YHR169W	2.56315	2.237675	3.1864	-0.372566667	-0.596633333
2724	YHR170W	2.2556	2.774525	3.0644	0.29435	-0.9074
2727	YHR173C	-1.233	-1.383425	-1.2322	-0.6438	0.761466667
2729	YHR175W	0.43175	0.391025	0.6502	1.075733333	0.0918
2730	YHR176W	-0.719975	-0.626625	-0.624525	0.3675	0.164666667
2749	YHR195W	2.1757	1.354666667	0.8669	-0.3656	-0.74105
2750	YHR196W	2.588025	2.7611	2.0539	-0.007666667	-0.222866667
2751	YHR197W	2.13865	2.23455	2.0913	-0.341633333	-2.167966667
2755	YHR201C	0.9618	0.83315	-0.037375	-0.498433333	0.165833333
2759	YHR205W	0.523675	0.9396	0.4708	-0.6692	-0.6707
2760	YHR206W	0.795325	1.577775	1.665625	0.067066667	-0.264433333
2763	YHR209W	-0.2639	-0.0525	0.1757	1.0468	0.7084
2770	YHR214W-A	-0.65035	-0.788275	-0.827525	-0.6129	0.727233333
2771	YHR215W	-0.005625	0.61615	2.481775	0.5985	1.384866667
2774	YHR218W	-2.33085	-2.27045	-1.775925	-0.293066667	0.3281
2776	YIL001W	-1.4147	-1.337525	-1.5834	-0.9189	-0.288433333
2778	YIL003W	0.781075	0.562675	0.519125	-0.762666667	-0.569233333
2789	YIL014C-A	-1.7221	-2.14975	-2.531825	-0.228533333	0.650966667
2793	YIL017W	-0.20545	0.1985	0.621375	0.371533333	-1.323933333
2794	YIL018W	-0.304475	-0.398725	-1.058675	-0.040333333	-0.695466667
2796	YIL020C	-0.85035	-0.685275	-0.960025	-1.052666667	-0.763066667
2798	YIL022W	1.76595	1.4416	2.103775	0.228	-0.623133333
2800	YIL024C	0.842875	0.97885	0.989375	0.7661	0.943333333
2810	YIL034C	-1.5529	-1.904525	-1.527375	1.118033333	-0.115566667
2814	YIL038C	0.89965	1.2917	0.779025	-0.1371	-0.072966667
2818	YIL042C	1.4346	1.845075	1.125825	0.311033333	0.418166667
2822	YIL046W	0.709425	1.043225	1.008025	-0.039566667	0.2541
2825	YIL049W	0.99745	0.565075	0.579725	0.6323	0.2193
2826	YIL050W	-0.423425	-0.550825	-1.00335	-1.207333333	-0.5417
2827	YIL051C	-1.265425	-1.4849	-1.513525	-0.858566667	-0.294233333
2838	YIL062C	-1.03125	-1.4181	-1.538625	0.589166667	0.2382
2839	YIL063C	-1.861375	-1.57795	-1.558	-0.293266667	-0.3656
2843	YIL067C	0.814525	1.044525	-0.112525	-0.030433333	-0.7949
2850	YIL074C	1.113875	1.29605	1.7769	0.3793	-0.100966667
2855	YIL079C	2.0919	1.307175	1.545475	-0.608966667	-0.947233333
2866	YIL090W	1.25065	1.9474	1.86275	-0.8827	-0.412633333
2867	YIL091C	2.49435	2.1245	1.24425	-0.8964	-0.876433333
2868	YIL092W	0.862125	1.477475	1.186125	-0.245333333	0.003866667
2872	YIL096C	2.20105	2.742575	2.1878	-0.716966667	0.193133333
2879	YIL103W	1.011875	1.62155	1.676275	-0.115633333	-0.723233333
2880	YIL104C	0.9186	1.946525	0.834675	-0.2123	-0.701966667
2888	YIL112W	-0.012775	-0.871675	-0.771725	-0.251466667	0.126333333
2889	YIL113W	-2.18645	-2.272325	-2.220575	1.7861	1.175
2890	YIL114C	-0.598225	-0.183225	-0.2736	-0.368933333	-1.0733
2894	YIL118W	1.532025	1.8103	1.923775	0.3641	0.195366667
2898	YIL122W	2.8565	2.184	0.6175	-0.220466667	-0.548266667
2904	YIL128W	0.305875	0.751425	0.72075	-0.080633333	-0.365366667
2912	YIL136W	-1.148725	-1.1114	-1.356725	1.043966667	1.581233333
2919	YIL143C	0.40315	0.66125	0.8465	-0.5057	-0.507433333
2920	YIL144W	-0.57765	-0.224175	-0.6306	-0.1512	0.6173
2926	YIL150C	-0.192475	-0.372675	-0.699925	-0.654466667	-1.0972
2936	YIL160C	0.735	0.958175	0.7247	0.5081	-0.55
2937	YIL161W	0.07195	0.9086	0.96565	0.801266667	-0.039766667
2946	YIL170W	1.28145	1.436825	0.188125	0.5231	0.137033333
2948	YIL172C	1.0968	1.241275	0.417575	0.615766667	0.047833333
2950	YIL174W	0.848175	0.825	1.637075	0.168133333	0.129866667
2957	YIR004W	0.91295	0.9809	0.899375	2.0312	0.60775
2958	YIR005W	0.624825	0.309175	0.71805	0.7804	0.511033333
2961	YIR008C	0.440825	0.74345	0.411275	-0.086466667	0.3445
2962	YIR009W	0.13795	0.543175	1.134175	0.460433333	0.740366667
2964	YIR011C	3.07	2.534375	1.92225	0.3251	-0.130266667
2970	YIR017C	-1.2711	-0.627925	0.1794	0.594433333	-0.199066667
2974	YIR021W	1.856775	1.74975	1.3062	0.556733333	-0.163666667
2979	YIR026C	1.88005	2.50965	2.9895	-0.818166667	-1.9801
2988	YIR035C	-1.69415	-1.157425	0.203575	1.165233333	1.231233333
2989	YIR036C	-0.941625	-0.47385	-1.82895	0.671166667	-0.407533333
2990	YIR037W	-0.793975	-1.01025	-0.8197	1.309066667	0.9824
2991	YIR038C	-1.73455	-1.3608	-1.506675	2.089066667	2.304233333
2992	YIR039C	-0.986625	-0.95635	-1.252875	0.540633333	0.947366667
3002	YJL005W	-0.745375	-0.87095	-0.935675	0.0045	0.9319
3003	YJL006C	1.235675	1.02725	1.1588	0.3553	-0.992533333
3005	YJL008C	1.5425	1.7487	1.32955	-0.248266667	-1.478833333
3007	YJL010C	1.633675	2.31985	2.610725	-0.535933333	-1.242433333
3008	YJL011C	0.85025	1.379075	1.392	0.0323	-0.153133333
3012	YJL015C	0.170675	0.68145	1.5188	2.3234	1.6713
3013	YJL016W	-0.21865	0.60275	1.026375	1.1966	0.868566667
3014	YJL019W	-0.25955	-0.527	-0.2636	-1.2012	0.00095
3015	YJL020C	-1.00865	-1.250525	-1.21445	-0.008433333	0.262733333
3016	YJL022W	1.14585	0.7143	0.749	0.2928	0.139033333
3019	YJL025W	0.717825	1.859975	1.762575	-0.4046	0.657266667
3021	YJL027C	1.051275	1.465466667	1.046225	0.825366667	-0.583966667
3024	YJL030W	-1.101825	-1.314175	-1.616575	-0.1326	-0.714666667
3027	YJL033W	1.89105	2.917425	2.63905	-0.768533333	-1.079633333
3029	YJL035C	1.78265	2.247125	2.80605	1.080033333	-1.217066667
3030	YJL036W	1.204366667	1.082225	1.2076	-0.218533333	-0.449933333
3031	YJL037W	-0.225566667	0.652575	0.4746	0.473066667	-0.8644
3034	YJL041W	0.139825	-0.08325	0.613825	-0.8063	-0.5751
3039	YJL046W	-1.32185	-1.0715	-0.6177	-0.050633333	0.054766667
3041	YJL048C	-0.410075	0.097975	-0.0354	0.965566667	0.582266667
3051	YJL058C	-0.679475	-0.7357	-0.86795	0.051266667	-0.273866667
3052	YJL059W	-0.929475	-1.44795	-2.0809	0.244133333	1.508066667
3059	YJL066C	-1.20295	-1.176225	-1.34185	0.270033333	1.7295
3060	YJL067W	-0.288975	-0.539725	-0.681275	-0.301866667	1.491733333
3061	YJL068C	-1.655225	-1.9943	-2.1178	0.645333333	1.8229
3062	YJL069C	2.2657	2.063725	2.1963	-0.8377	-0.6614
3064	YJL071W	-0.7369	-0.412625	-0.070675	0.978433333	1.228166667
3067	YJL074C	-1.235775	-1.12005	-0.8177	-0.4085	0.4371
3070	YJL077C	-0.26595	-0.587675	-0.189325	0.0011	1.7916
3072	YJL079C	0.40535	0.439975	1.23765	1.504666667	0.944366667
3077	YJL084C	0.4957	0.778425	0.712575	0.634033333	0.016033333
3080	YJL087C	0.460425	0.974333333	1.0364	-0.500633333	-1.144366667
3081	YJL088W	-1.25115	-1.081225	-1.28795	-0.191266667	-0.921866667
3084	YJL091C	-0.8745	-1.21835	-1.8943	-0.508066667	-0.991433333
3090	YJL097W	-1.247475	-1.49115	-1.705025	-0.920366667	-0.1558
3092	YJL099W	-0.36125	-0.395125	-0.257825	0.298433333	-1.678966667
3094	YJL101C	0.4264	0.865	1.403925	0.128066667	-1.279133333
3101	YJL108C	1.62905	0.6012	0.150725	0.016866667	0.7997
3103	YJL110C	1.30045	1.56165	1.04195	-0.3259	-0.749233333
3109	YJL116C	3.092525	2.7988	2.150875	1.2623	1.926066667
3114	YJL121C	-0.542025	-1.38135	-1.99775	-1.550766667	-0.383233333
3118	YJL125C	2.0582	1.86425	1.655575	-0.531333333	-0.764433333
3121	YJL128C	0.668425	0.98725	0.642075	-0.408766667	-0.039566667
3126	YJL133W	1.46575	1.838	0.63735	-0.258333333	-1.0685
3130	YJL137C	-0.704775	-0.76855	-1.6715	-0.217466667	0.261566667
3135	YJL142C	-1.980325	-2.10725	-0.8836	0.053866667	0.846933333
3137	YJL144W	-2.468675	-2.191575	-1.2276	0.759633333	0.716566667
3138	YJL145W	0.156575	0.0735	0.1092	-1.9354	-2.939066667
3140	YJL147C	1.390825	1.221375	1.571375	-0.018033333	-0.881433333
3141	YJL148W	1.1395	1.528025	1.33725	-0.7173	-1.9165
3144	YJL151C	-0.655175	-1.409975	-1.00645	0.661666667	0.771733333
3145	YJL152W	-0.834275	-1.1512	-0.6127	1.159233333	0.553966667
3151	YJL158C	-0.669475	-0.7949	-0.175825	-0.430133333	0.7302
3153	YJL160C	0.943225	0.68275	0.732825	0.749333333	0.707666667
3154	YJL161W	-0.528475	-0.4077	-1.234125	2.223	3.248566667
3155	YJL162C	0.620425	1.209675	0.83325	0.229666667	-0.0367
3157	YJL164C	-1.094075	-1.3312	-2.3473	0.744366667	1.6763
3158	YJL165C	0.701025	0.999075	1.280875	0.394233333	0.288633333
3163	YJL170C	-0.1566	-0.689875	-0.208075	1.139866667	0.176733333
3166	YJL173C	-0.72965	-1.235375	-1.517425	-0.0477	-0.5411
3172	YJL179W	-0.1824	-0.7671	-0.67915	0.538166667	-0.159333333
3173	YJL180C	1.404125	1.28365	1.163875	0.0881	-0.306366667
3183	YJL190C	-1.2652	-1.295025	-1.495625	-0.230166667	-0.5163
3184	YJL191W	0.9126	0.89595	0.027875	1.219833333	-0.731066667
3186	YJL193W	1.54845	0.653275	0.23615	-0.1403	-0.393
3196	YJL203W	0.448925	0.715	0.960575	0.227	-0.0748
3201	YJL208C	1.267675	1.818025	1.610125	-0.198933333	-0.219
3203	YJL210W	0.0314	0.313575	0.171025	0.886166667	0.250933333
3205	YJL212C	0.428725	0.230425	0.0819	-0.433566667	-1.241666667
3210	YJL217W	-1.6064	-1.613975	-2.581075	-0.015066667	0.012
3212	YJL219W	1.465275	0.823625	0.3752	0.4539	0.5687
3219	YJR002W	1.817075	1.85045	2.2293	-0.1918	-0.452666667
3220	YJR003C	0.83995	1.2593	1.03435	-0.059533333	-1.4787
3228	YJR010W	0.193025	0.7354	1.04845	0.976366667	-1.3699
3229	YJR011C	-0.8855	-1.1492	-1.0168	0.095533333	0.0926
3231	YJR013W	-0.496625	-0.590375	-0.913675	-0.3103	0.0065
3233	YJR015W	0.5564	-0.068625	-1.122075	-0.6766	0.381133333
3252	YJR034W	-0.865275	-0.7378	-1.232075	-0.032133333	1.296566667
3257	YJR039W	-0.448175	-0.46565	-0.75925	0.338966667	0.509666667
3262	YJR044C	-0.89585	-1.26135	-1.103075	0.760433333	0.8278
3264	YJR046W	-0.39645	0.178075	0.60275	-0.784466667	-1.105433333
3266	YJR048W	-1.12575	-2.035075	-2.5294	-0.4967	2.220366667
3272	YJR054W	1.75925	1.42815	0.18735	0.124833333	0.117266667
3273	YJR055W	2.46975	2.4692	2.260025	-0.023466667	-0.979333333
3274	YJR056C	2.833625	2.2906	2.346575	-0.260366667	-0.983933333
3282	YJR064W	0.8891	0.698625	0.84265	-0.1787	-1.796666667
3291	YJR073C	-0.766925	-0.541225	1.805325	2.8271	3.622533333
3300	YJR083C	0.32815	-0.044075	-0.52915	-0.690466667	-0.227733333
3301	YJR084W	0.62635	1.1287	0.467725	0.311233333	-0.175333333
3303	YJR086W	-1.7029	-2.68985	-1.94145	0.112166667	2.756466667
3310	YJR093C	1.4294	1.747825	1.75875	0.5889	-0.909566667
3311	YJR094C	-0.310775	-0.56925	-1.170675	-0.7539	-1.077366667
3315	YJR097W	1.77065	1.9284	1.6078	-0.4604	-1.478466667
3316	YJR098C	1.2955	1.546575	1.1482	-0.0152	-0.285966667
3325	YJR107W	-1.320075	-1.417725	-0.89295	-0.075333333	0.439566667
3329	YJR111C	3.44355	3.660575	3.572675	0.576	-1.8874
3340	YJR122W	-1.1118	-1.299925	-1.877275	-0.589433333	0.631566667
3342	YJR124C	-0.602025	-0.31695	-0.26225	-1.238466667	-0.6708
3345	YJR127C	-0.677525	-0.595725	-0.55565	-0.181666667	0.8337
3347	YJR129C	-1.075825	-0.966375	-1.1109	-0.096066667	0.723766667
3348	YJR130C	0.527775	1.272125	1.56155	0.364933333	1.426733333
3352	YJR134C	0.178025	0.740175	0.268025	0.154733333	0.2679
3353	YJR135C	-1.008675	-1.315875	-1.18935	-0.022633333	0.476066667
3365	YJR147W	-1.706675	-1.447575	-1.684775	-1.840333333	-0.914333333
3385	YKL005C	0.97135	1.410133333	1.358375	-0.01025	-1.6995
3390	YKL009W	2.705275	2.7776	3.552625	-0.500833333	-1.426133333
3394	YKL013C	-0.5596	-0.800475	-0.559075	0.642766667	0.759266667
3399	YKL018W	0.7946	1.138275	0.5566	0.100533333	-1.3511
3402	YKL021C	1.037575	1.75375	1.4798	0.217966667	-0.8785
3405	YKL024C	0.7218	0.61835	1.579125	1.113266667	-0.078333333
3408	YKL027W	1.011125	1.40295	0.86365	0.0794	-2.031266667
3411	YKL030W	-1.158175	-1.564575	-1.1725	-2.5646	-0.955766667
3416	YKL035W	-1.351325	-1.464225	-2.68065	1.681566667	1.043
3421	YKL040C	0.196125	0.32565	0.367375	0.618366667	1.1571
3430	YKL049C	-1.025625	-0.5609	-0.1069	0.360966667	1.312766667
3432	YKL051W	1.00545	0.572625	1.443275	0.0474	0.155066667
3442	YKL061W	1.273925	1.519825	3.10255	1.5181	0.417133333
3443	YKL062W	2.173725	2.069675	1.221125	-0.132166667	0.4334
3444	YKL063C	-0.296975	-0.6905	-1.175075	-0.130733333	0.623266667
3445	YKL064W	0.39545	0.25705	0.5865	0.245666667	0.7708
3447	YKL066W	-0.855775	-1.109525	-0.867825	1.262466667	1.6916
3448	YKL067W	-0.638525	-0.977725	-1.200875	1.308733333	2.2256
3450	YKL069W	-1.652725	-2.20355	-2.59975	-1.156033333	0.6373
3451	YKL070W	-0.81815	-1.11995	-0.318675	0.275133333	1.043966667
3455	YKL074C	1.266825	1.9279	1.880275	-0.426833333	0.0846
3459	YKL078W	2.422575	3.18085	2.898575	-0.584366667	-0.5438
3463	YKL082C	2.102275	2.673025	2.61205	0.483866667	-1.094133333
3467	YKL086W	-0.067675	-0.112575	0.18035	1.267433333	1.351166667
3472	YKL091C	-2.136125	-2.479475	-2.2117	1.3309	0.766066667
3476	YKL095W	1.298	2.2556	1.64975	0.461133333	-0.276433333
3477	YKL096W	-0.488825	-1.17325	-1.316575	3.0988	4.835466667
3481	YKL099C	2.215	2.6111	3.000525	0.2667	-0.652966667
3485	YKL103C	-1.099775	-1.536625	-2.66355	0.680866667	1.3266
3492	YKL110C	1.41975	1.2742	1.36285	-1.023133333	-0.217533333
3493	YKL111C	-2.3987	-2.668025	-2.886975	-0.882333333	1.7584
3494	YKL112W	-1.12705	-1.177825	-2.491	0.203766667	1.867133333
3501	YKL119C	-0.921425	-1.1629	-0.8009	0.424433333	0.7092
3505	YKL123W	1.243825	1.465075	1.196275	0.936266667	0.464233333
3507	YKL125W	1.812475	1.545175	1.283875	-0.472933333	-0.215233333
3523	YKL141W	-0.4394	-0.4702	-0.74905	0.120033333	1.4484
3524	YKL142W	-0.900775	-1.1593	-1.578475	1.276533333	1.1465
3525	YKL143W	2.531925	1.93145	2.176575	-0.957933333	-0.588266667
3531	YKL149C	1.271025	1.094025	0.9381	0.1845	-0.014166667
3533	YKL151C	-0.3148	-1.575775	-1.490375	3.066033333	2.009133333
3537	YKL155C	1.324175	1.744725	1.21645	-0.015466667	-0.0292
3543	YKL162C	0.9234	1.031275	0.982525	0.6101	-0.2178
3550	YKL169C	0.372725	0.6949	0.96395	0.6891	0.497266667
3551	YKL170W	0.336675	0.258175	0.713	-0.906566667	-0.03925
3553	YKL172W	1.524375	1.171275	2.32655	-0.7717	-2.007033333
3559	YKL178C	-0.040875	-0.29915	-0.247475	0.526233333	-1.0397
3571	YKL190W	-1.30135	-0.637575	-1.412125	1.0425	0.733533333
3576	YKL195W	0.87545	0.72185	0.5168	1.0952	-0.863333333
3586	YKL207W	-0.555675	-0.91245	-1.17535	0.0798	0.4863
3587	YKL208W	-0.84445	-1.363825	-1.3488	0.3144	0.919066667
3595	YKL216W	-0.287725	-0.366625	-0.49985	-4.1944	0.568
3598	YKL219W	-0.4976	-0.798725	-0.8662	0.783133333	0.820866667
3600	YKL221W	-0.54405	-0.581175	-0.476175	-0.567366667	-1.55335
3602	YKL223W	0.635925	1.86665	2.088375	0.133733333	-0.833733333
3604	YKL225W	1.1925	0.9464	1.4996	0.13105	-0.905
3607	YKR003W	-0.689225	-1.062975	-1.438975	-0.568433333	-0.988866667
3617	YKR013W	-0.7901	-1.0124	-1.0947	-0.025866667	2.133666667
3628	YKR024C	2.2029	2.9109	2.234625	-0.564	0.199733333
3629	YKR025W	1.286575	1.23415	0.6454	-0.6774	-0.6988
3641	YKR037C	-0.970225	-0.9927	-0.841325	-0.298333333	1.014533333
3643	YKR039W	1.73675	0.836775	0.8718	-0.284133333	1.5825
3653	YKR049C	-0.132125	-0.504375	-0.1686	1.606233333	0.731266667
3655	YKR051W	1.31915	1.2744	1.177875	0.366733333	-0.093733333
3660	YKR056W	1.902175	1.5526	1.642275	-0.7015	-0.4938
3667	YKR063C	1.336175	1.129725	0.40965	-0.086366667	-0.398533333
3676	YKR072C	2.3106	1.248725	0.988	-0.7542	-0.2088
3679	YKR075C	8.79345	2.433975	-0.560425	-0.311333333	-0.837166667
3680	YKR076W	-0.775825	-1.095	-1.54405	1.550433333	2.490233333
3681	YKR077W	-1.33035	-2.105225	-1.22815	0.264966667	-0.2144
3682	YKR078W	0.578525	0.9886	0.9922	-0.2582	-0.370333333
3685	YKR081C	2.072325	2.29915	2.511975	-0.821633333	-1.797066667
3691	YKR087C	1.18785	1.439725	1.570125	0.354866667	-0.7028
3695	YKR091W	-1.02275	-1.065675	0.587075	0.935166667	0.408866667
3697	YKR093W	-0.0245	0.0008	-1.7688	0.237433333	2.031366667
3698	YKR094C	-0.219825	-0.913475	-1.097275	-0.276166667	-0.1885
3702	YKR098C	0.902275	0.9386	0.1245	0.733633333	-0.5366
3703	YKR099W	2.175266667	1.41285	1.159375	-0.204066667	0.077533333
3704	YKR100C	1.11725	1.359925	1.833925	0.379266667	0.4766
3714	YLL004W	1.624675	0.465975	0.68925	0.5305	0.1185
3718	YLL008W	1.0334	1.21075	1.68125	-0.3273	-0.588433333
3720	YLL010C	2.01595	1.911175	1.230775	-0.431833333	0.1152
3721	YLL011W	2.032675	2.390225	2.14855	-0.222033333	-0.9335
3722	YLL012W	1.840375	2.3307	1.73175	-0.0141	1.420366667
3724	YLL014W	-0.502425	-0.7703	-0.589525	0.487733333	1.107133333
3736	YLL026W	-1.5449	-1.81675	-1.317975	0.974366667	1.2378
3738	YLL028W	1.096225	1.957275	2.1712	0.193066667	0.6752
3744	YLL034C	0.764	1.216475	1.60425	-1.712366667	-0.944066667
3745	YLL035W	1.06285	1.221766667	1.394675	-1.261266667	-0.5844
3746	YLL036C	1.3177	2.226375	2.271875	0.3447	-0.4627
3749	YLL039C	-0.6926	-0.767925	-1.075375	0.819566667	0.2357
3754	YLL044W	-0.640475	-1.235975	-1.25025	-1.479866667	-0.358366667
3755	YLL045C	-0.4664	-1.16515	-0.99715	-1.340233333	-0.153
3768	YLL058W	-0.7275	-0.5126	-0.400825	0.099933333	1.693
3769	YLL059C	0.928166667	0.330966667	0.8887	0.7348	-3.2826
3770	YLL060C	-0.505375	-0.04525	0.483875	0.533666667	1.471766667
3771	YLL061W	1.758	0.857975	0.479	-1.182266667	-1.9961
3772	YLL062C	-0.5295	-0.925825	-1.40225	-1.10305	-1.0275
3779	YLR002C	1.700175	1.3543	1.8073	-1.1093	-1.0916
3780	YLR003C	1.083925	1.53995	1.72265	-0.577133333	-0.4488
3781	YLR004C	-0.0808	-0.082375	0.281875	0.271966667	0.846633333
3785	YLR008C	0.614725	0.340675	1.147525	0.0709	-0.449166667
3786	YLR009W	1.889325	2.48525	2.795125	-1.2807	-1.329833333
3796	YLR019W	0.698375	0.72555	0.97295	0.017733333	-0.718166667
3800	YLR023C	1.962125	1.99515	0.9113	-0.599866667	0.3844
3802	YLR025W	-0.92085	-0.924225	-0.214225	-0.270366667	0.215466667
3804	YLR027C	-0.901875	-1.50015	-1.6471	-1.341433333	0.6342
3806	YLR029C	-0.7092	-0.96465	-1.326675	-0.4784	-0.370633333
3810	YLR033W	0.96435	1.15965	1.123125	0.593933333	0.534233333
3817	YLR040C	0.6201	0.713	1.2556	0.177233333	-0.2242
3819	YLR042C	0.846425	0.612233333	-0.111725	-0.4283	1.659766667
3820	YLR043C	-0.888125	-1.122	-1.223375	0.1825	0.205066667
3822	YLR045C	-0.625733333	-1.039233333	-0.408075	0.005066667	1.33715
3823	YLR046C	-1.1453	-1.34475	-1.30825	-0.272033333	0.091333333
3826	YLR049C	-1.981225	-2.41305	-2.050725	-0.405333333	-0.205366667
3827	YLR050C	-0.90435	-1.24455	-1.509225	0.423966667	1.902033333
3828	YLR051C	2.690875	2.729525	2.585775	0.3404	-0.364133333
3829	YLR052W	0.667	1.043025	0.631075	-0.238233333	-0.3308
3830	YLR053C	2.1664	2.626125	2.2263	0.178066667	-0.824233333
3838	YLR061W	0.406825	-0.8369	-1.463775	-0.412333333	-0.221066667
3839	YLR062C	-0.90215	-1.2298	-1.41015	-0.812733333	0.401266667
3843	YLR066W	-1.121625	-1.139725	-1.695225	-0.3864	-0.5484
3844	YLR067C	2.311775	2.2342	2.2367	1.0129	-0.7504
3845	YLR068W	1.5903	1.976375	2.15285	-0.2961	-1.981566667
3851	YLR074C	2.078775	2.2614	2.81855	-0.618733333	-1.219066667
3852	YLR075W	-0.7474	-1.088275	-1.30305	-0.4151	-0.984066667
3858	YLR081W	3.797925	3.573775	1.4172	-0.544033333	-0.1966
3866	YLR089C	1.300675	1.750625	0.98245	-0.609233333	0.216066667
3867	YLR090W	1.71685	0.937725	0.950925	-0.452833333	0.061866667
3872	YLR095C	-0.321225	-0.0834	-0.4645	-0.2663	1.017966667
3875	YLR098C	-0.61705	-0.3433	-0.78275	-1.502733333	0.994366667
3876	YLR099C	0.979875	1.54895	1.821425	-0.6384	-0.734
3879	YLR102C	-2.018125	-1.623275	-1.01935	-0.023633333	0.002866667
3880	YLR103C	-0.75005	-1.312375	-1.58895	-0.415533333	1.1083
3881	YLR104W	-0.831325	-0.83095	-0.62065	-0.0455	-0.375
3884	YLR107W	2.30595	2.699625	1.54135	0.0949	-0.2407
3885	YLR108C	-0.4891	-1.106575	-0.96495	-0.809433333	0.128466667
3886	YLR109W	-0.89095	-1.2749	-1.4769	0.8944	0.796633333
3889	YLR112W	-1.189175	-1.19895	-1.22525	-0.320566667	0.508033333
3893	YLR116W	2.6031	2.1574	1.3329	-0.566766667	-1.250233333
3894	YLR117C	1.059175	1.4892	1.346125	0.109366667	-0.115066667
3898	YLR121C	0.671625	1.221275	1.31795	0.035033333	0.687166667
3899	YLR122C	1.134725	0.622225	0.988225	0.1244	-0.5944
3906	YLR129W	1.909575	1.98805	1.66515	-0.5361	-0.755566667
3907	YLR130C	1.54735	2.16485	1.81485	-0.609033333	-1.297066667
3912	YLR135W	0.243175	0.878375	0.502675	0.202466667	1.3252
3919	YLR142W	-1.547175	-1.49795	-1.117475	-0.3139	2.078233333
3920	YLR143W	1.317675	1.563975	1.2876	-0.082033333	0.631933333
3922	YLR145W	0.932825	1.063	0.605925	0.699866667	-0.2003
3924	YLR147C	0.69125	0.348575	0.931725	0.416866667	-0.025033333
3931	YLR154C	-1.220375	-1.527	-1.620725	-0.374666667	0.801666667
3937	YLR160C	-0.773475	-1.05165	-0.627225	0.144766667	-0.140066667
3939	YLR162W	2.7654	1.750075	2.319175	1.5943	-1.18
3945	YLR168C	-0.113975	0.25835	1.23075	0.586133333	0.465633333
3951	YLR174W	2.269975	1.744525	1.263	1.609666667	-0.8312
3955	YLR178C	-0.568575	-0.31325	-0.721	3.3434	2.394533333
3956	YLR179C	-0.56345	-1.215875	-0.9713	-0.2956	-1.647633333
3957	YLR180W	1.921475	1.84145	2.80625	-1.051233333	-1.208466667
3960	YLR183C	-1.24895	-1.699025	-2.221525	-0.822033333	1.3698
3963	YLR186W	1.456	1.31225	1.874975	-0.1947	-0.012833333
3964	YLR187W	0.287825	-0.8461	-0.80565	-0.3622	-0.1615
3966	YLR189C	-0.45945	-0.372475	-0.192025	-0.0376	1.6555
3973	YLR196W	1.9149	2.27395	2.13925	-0.388333333	-1.8984
3988	YLR211C	-1.437925	-1.909425	-1.57615	0.198533333	0.7632
3989	YLR212C	-0.93965	-1.706475	-1.8802	-0.611533333	0.319866667
3992	YLR215C	1.58425	1.75705	1.533275	-0.234933333	-0.616566667
3998	YLR221C	1.459525	2.23515	2.66355	0.288	-0.904266667
3999	YLR222C	0.867725	0.975075	1.091075	0.5615	-0.197666667
4001	YLR224W	2.221175	1.135475	1.346875	-0.0023	-0.4594
4002	YLR225C	2.798875	3.5595	2.8861	0.317366667	-0.56595
4004	YLR227C	1.070225	1.08365	0.8806	0.4083	-0.395066667
4010	YLR233C	-0.71225	-1.0648	-0.787575	-0.497466667	0.924333333
4020	YLR243W	1.38045	1.756925	1.564725	0.274933333	-1.0618
4022	YLR245C	-0.29835	-0.11975	0.1462	0.011	0.9058
4025	YLR248W	-0.672325	-0.606625	-1.069875	-0.883633333	0.144566667
4028	YLR251W	-0.526025	-0.014625	-0.074025	1.404533333	0.572233333
4031	YLR254C	1.1645	1.746225	1.01565	1.0257	-0.856933333
4035	YLR258W	-0.572025	-0.7901	-0.96575	0.832066667	0.966133333
4036	YLR259C	-1.086425	-1.401525	-1.374225	-1.244466667	-1.2035
4038	YLR261C	-0.09515	0.3636	0.2349	0.570833333	-0.631933333
4040	YLR263W	-1.512275	-1.05725	-1.2729	-0.806866667	-0.273766667
4041	YLR264W	-1.71785	-2.071025	-1.863375	-0.7965	0.283733333
4042	YLR265C	-0.584025	-0.937125	-1.208125	-0.395833333	-0.912133333
4044	YLR267W	0.572475	0.533325	0.390225	0.280066667	-0.9872
4047	YLR270W	-0.506475	-0.564725	-0.96005	0.643966667	1.376766667
4052	YLR275W	0.957275	1.063466667	1.688675	0.511366667	0.138866667
4063	YLR286C	-0.8677	-0.59095	-1.445375	-2.580033333	1.147266667
4068	YLR290C	-0.142525	-0.141675	0.05415	0.488166667	2.124866667
4069	YLR291C	0.10315	0.348425	0.855975	-1.624333333	-0.5805
4075	YLR297W	-2.226575	-1.799925	-0.224625	0.073433333	-0.895566667
4076	YLR298C	0.71435	0.779	1.626225	0.641666667	0.2233
4082	YLR304C	-1.44375	-1.7583	-3.0306	-1.969566667	1.5154
4084	YLR306W	-0.7992	-0.753275	-0.949125	2.235433333	0.7259
4085	YLR307W	-0.56915	-0.737125	-0.919	0.265733333	0.074566667
4096	YLR318W	1.20325	0.5846	0.93095	0.633433333	0.500033333
4104	YLR326W	-0.528975	-1.2702	-1.85265	-0.103133333	1.671366667
4105	YLR327C	2.486325	1.560175	0.203975	2.142766667	3.062266667
4110	YLR332W	1.692175	0.75635	0.4103	-0.8027	-0.0595
4113	YLR335W	-0.032175	-0.494225	-0.8331	-1.482133333	0.126
4117	YLR339C	-0.85095	-1.115625	-1.684225	-1.088366667	0.179766667
4126	YLR348C	-1.1977	-1.76665	-1.094625	-0.2431	0.460066667
4130	YLR352W	-0.4615	-0.40205	-0.59835	-0.183333333	-0.5146
4134	YLR356W	-1.14335	-1.28795	-1.33985	1.0803	1.731
4138	YLR360W	-1.491975	-1.464625	-1.19505	-0.744466667	-0.228466667
4141	YLR363C	0.866975	1.580675	1.7127	0.778266667	-0.168033333
4148	YLR370C	-0.9548	-1.0501	-1.17155	0.6618	-0.034666667
4157	YLR379W	-0.493975	-0.421325	-0.679725	-1.3502	-0.423333333
4159	YLR381W	-0.9416	-1.20125	-0.7155	-0.485066667	0.015133333
4169	YLR390W-A	-0.3922	-0.488975	-0.1892	-0.254566667	0.952133333
4175	YLR397C	0.432575	0.85685	0.6522	-1.0448	-2.3905
4182	YLR404W	-0.53315	-1.3775	-1.5557	0.537433333	0.126466667
4185	YLR407W	2.236525	0.95935	0.2601	0.012933333	-1.032866667
4189	YLR411W	1.70335	1.8358	1.3772	0.5654	-1.268966667
4190	YLR412W	1.02065	0.588475	0.708775	0.6961	-0.2225
4191	YLR413W	0.1017	0.7212	-0.38865	-2.692766667	-3.4189
4192	YLR414C	-2.890375	-2.040275	-1.656425	-0.1027	-0.084033333
4208	YLR430W	-0.834	-0.8227	-0.823625	0.1707	0.043866667
4209	YLR431C	0.8339	0.819775	0.45245	0.193933333	0.326733333
4211	YLR433C	0.286575	0.6936	0.963275	0.098866667	-0.365033333
4213	YLR435W	1.1931	1.171525	1.22525	-0.634233333	-0.7158
4226	YLR448W	-0.159125	-0.4939	-0.9646	-0.472633333	-0.425266667
4227	YLR449W	0.898675	1.488575	1.397225	-0.484633333	-2.570133333
4230	YLR452C	0.0912	-0.205475	-1.068975	-0.168833333	0.025166667
4233	YLR455W	0.86565	1.355025	1.473525	0.005333333	-0.556066667
4238	YLR460C	-0.586	-0.6266	-1.106575	0.4437	0.0466
4241	YLR463C	-1.817025	-1.71085	-1.233725	-0.4868	-0.739533333
4242	YLR464W	-1.896225	-1.842175	-1.286525	-0.2734	0.2153
4251	YML006C	0.664925	0.657025	0.5025	-0.014866667	-0.351133333
4259	YML012C-A	-0.4551	-1.03915	-1.081975	-1.132066667	0.284566667
4266	YML018C	2.385	2.3521	2.128875	-0.199533333	-1.2764
4272	YML024W	0.451425	-0.40305	-1.0375	-0.183833333	-0.9951
4275	YML027W	-1.729875	-0.610875	-0.757375	0.4653	0.821633333
4276	YML028W	-1.41875	-1.762475	-2.3713	0.1436	-0.0529
4277	YML029W	-0.71705	-1.539075	-2.1835	-0.219133333	-0.691366667
4280	YML032C	0.379725	0.55265	0.687975	0.224133333	0.555133333
4283	YML034W	-0.7246	-1.281175	-1.358175	-0.4147	-0.080266667
4285	YML036W	-1.100725	-1.105275	-1.278525	-0.5376	-0.912566667
4287	YML038C	0.763025	0.317125	0.888825	-0.4992	-0.311333333
4289	YML040W	-1.350575	-0.779175	-0.86005	-1.025866667	-0.938633333
4290	YML041C	1.4953	1.66015	1.14965	0.337	-0.482533333
4292	YML043C	2.566025	2.3385	2.09175	-0.271466667	-1.104733333
4293	YML045W	-1.16095	-0.62005	-1.01885	-0.716566667	-1.309666667
4294	YML046W	1.0812	1.68395	1.402375	0.247933333	-1.374133333
4295	YML047C	1.013775	1.633375	1.12695	0.499233333	-0.402266667
4296	YML047W-A	1.123675	1.85825	0.998325	0.624766667	-0.798033333
4301	YML052W	-1.858775	-1.836175	-0.81595	-0.722566667	1.813533333
4314	YML064C	-0.145975	-1.03605	-1.643075	-0.7275	0.328066667
4317	YML067C	-0.46955	-0.630775	-1.093525	0.4274	-0.163566667
4318	YML068W	-1.72345	-1.5318	-0.988075	-0.010533333	-0.269966667
4328	YML078W	-0.2933	-1.11655	-0.8174	0.319633333	0.461966667
4329	YML079W	-1.013825	-1.113475	-0.833375	0.372	1.3234
4330	YML080W	2.56235	2.8821	2.6689	-0.862466667	-0.9411
4332	YML082W	1.303225	1.65955	0.196125	-0.81595	-1.158033333
4343	YML093W	2.4768	2.336525	1.66755	-0.0502	0.010066667
4347	YML096W	0.344525	0.51495	0.07685	-0.630366667	-0.520266667
4348	YML097C	1.41545	0.7507	0.58445	0.0151	0.346466667
4350	YML099C	0.71235	0.598866667	0.5206	-0.706566667	0.024
4353	YML101C	-0.784925	-1.0309	-1.08745	0.745033333	-0.354433333
4354	YML101C-A	-0.444725	-1.256075	-1.121925	0.139533333	0.339733333
4355	YML102W	-0.4575	-1.492625	-1.288925	-0.1644	-0.1715
4362	YML109W	-0.522975	-0.45215	-1.167825	-0.5409	0.771866667
4367	YML114C	1.2661	1.248125	0.58285	-0.386933333	-0.1291
4373	YML119W	0.05345	0.461875	1.159725	0.551566667	-1.147866667
4375	YML121W	1.30365	1.300275	0.991575	0.100533333	-0.389833333
4377	YML123C	1.260675	4.473275	6.809225	2.682166667	2.7092
4382	YML128C	-1.003825	-1.329375	-1.09735	3.431	3.2091
4384	YML130C	2.1681	2.8889	2.173325	-0.008833333	-0.6896
4393	YMR006C	-0.0667	0.34535	0.142975	-1.963466667	-1.7952
4397	YMR010W	1.6271	1.9987	1.531825	0.155766667	1.366766667
4398	YMR011W	10.223875	7.37045	4.933825	0.525533333	1.0609
4400	YMR013C	-0.865625	-0.617525	-0.3963	0.151066667	0.155066667
4401	YMR014W	2.24795	2.4121	1.439925	-0.145133333	-0.590233333
4411	YMR024W	0.8459	0.777025	0.9534	0.628733333	-0.046933333
4412	YMR025W	-1.2087	-1.546225	-1.7475	-0.254633333	-0.1123
4414	YMR027W	0.2217	-0.456075	-0.725225	0.2411	1.910566667
4417	YMR030W	-0.7179	-0.0431	0.251825	0.736666667	0.701066667
4421	YMR033W	0.573925	0.95455	1.524825	-0.1808	-0.590066667
4422	YMR034C	-0.316725	-0.278525	0.1472	-0.003333333	-1.192333333
4423	YMR035W	-1.76585	-2.327925	-1.9186	0.1954	-0.059933333
4425	YMR037C	0.3899	0.9024	0.71225	0.3827	0.398933333
4426	YMR038C	-1.604675	-1.9204	-1.616025	-1.3196	-1.4852
4429	YMR041C	0.91955	0.93795	0.41625	0.807166667	0.796033333
4433	YMR045C	-1.049525	-0.350725	-0.892425	-0.835833333	-1.992066667
4437	YMR049C	3.03345	2.647725	3.093025	-0.5946	-1.868333333
4446	YMR057C	2.641175	2.2463	0.883025	0.4922	-1.2518
4448	YMR059W	1.18205	0.974925	0.815475	0.286433333	-0.564866667
4462	YMR073C	-0.81565	-0.563975	-0.983275	0.260033333	0.6963
4463	YMR074C	-1.310025	-0.975825	-0.968	1.130033333	-0.129333333
4467	YMR077C	1.212125	1.3486	0.734825	0.993366667	-0.31
4468	YMR078C	-0.53135	-1.5052	-1.39685	-0.449533333	0.113133333
4471	YMR081C	-0.9977	-1.066175	-0.453825	0.9297	0.326433333
4486	YMR095C	-0.855325	-1.0457	-1.259275	0.800333333	1.436766667
4491	YMR100W	0.34555	1.020475	0.97	0.155733333	-0.061733333
4493	YMR102C	0.65485	0.9971	0.9518	-0.3806	-0.1911
4496	YMR105C	-1.244825	-1.6385	-2.09085	3.610533333	3.360633333
4497	YMR106C	-0.747675	-0.89725	-1.04455	0.867366667	0.8867
4498	YMR107W	1.075625	1.520775	2.6265	1.383733333	1.2698
4508	YMR117C	-0.793475	-1.5256	-1.8021	-1.503333333	0.695966667
4510	YMR119W	-0.822925	-0.758325	-0.858225	-0.385	-0.2331
4511	YMR119W-A	-1.5139	-1.900925	-1.3383	0.6903	0.1156
4529	YMR136W	2.704725	2.186075	1.20925	0.227133333	0.2156
4534	YMR141C	1.835025	1.3315	1.3019	2.242633333	0.267066667
4537	YMR144W	-0.452175	-1.524325	-1.13505	-0.287133333	1.1243
4538	YMR145C	1.639875	2.409025	2.31085	-1.351066667	0.499233333
4546	YMR153C-A	-1.4971	-1.8348	-1.40195	0.4828	0.4632
4562	YMR167W	-1.53125	-1.27605	-1.6418	-0.361166667	-0.4105
4564	YMR169C	-0.195325	-0.808275	-1.2502	1.4455	1.063766667
4571	YMR174C	-0.7735	-0.69375	-0.578025	1.802066667	1.737833333
4574	YMR177W	1.32345	2.145975	2.349075	0.1257	-1.101133333
4579	YMR182C	3.576675	2.7291	2.7009	-0.355433333	0.5579
4581	YMR184W	-1.095925	-1.411	-1.564125	-0.107266667	-1.5578
4585	YMR188C	1.307025	1.3047	1.437375	0.902366667	0.4144
4586	YMR189W	-1.137725	-1.183525	-1.63795	-0.890033333	1.6006
4592	YMR194W	1.6639	0.608375	-0.41095	0.0226	-1.642466667
4593	YMR195W	1.7921	0.8138	0.01995	0.6669	0.535333333
4605	YMR207C	-0.492475	-0.7762	-0.0184	-0.505066667	-0.3157
4609	YMR211W	1.700925	1.762775	1.2467	-0.483533333	-1.050266667
4610	YMR212C	1.80875	1.92885	2.16565	-0.454733333	-0.940466667
4611	YMR213W	1.111725	1.159625	0.73985	-0.0806	-0.234533333
4612	YMR214W	-1.010475	-0.451025	-0.23815	-0.8928	-1.700466667
4613	YMR215W	-1.03665	-1.3104	-0.97015	-1.9388	-0.283566667
4621	YMR223W	2.11375	2.61415	2.73295	0.224333333	-0.519633333
4622	YMR224C	1.021475	0.91345	0.4671	-0.597266667	-0.0081
4628	YMR230W	0.1695	-0.91185	-1.73785	-0.054133333	-1.4504
4631	YMR233W	0.99715	1.4444	1.605225	0.630733333	-1.028933333
4632	YMR234W	0.38865	1.01145	1.35075	-0.321466667	-0.292033333
4637	YMR239C	2.3948	3.027125	2.59825	0.1612	-1.040933333
4639	YMR241W	-0.333275	-0.7781	-1.0593	-1.586733333	-0.233266667
4645	YMR246W	1.239175	2.076675	2.2819	-3.665266667	-5.9071
4647	YMR250W	-1.600325	-2.3466	-3.0931	3.157566667	3.6055
4649	YMR251W-A	-1.51055	-1.614675	-1.66965	4.5137	4.554633333
4653	YMR255W	0.50235	1.050675	1.193425	0.427966667	-0.666666667
4654	YMR256C	-0.65245	-0.86835	-0.540875	0.795933333	0.4535
4660	YMR262W	-0.907775	-1.3082	-1.82195	0.554466667	-1.1091
4661	YMR263W	0.231525	0.782375	1.1742	0.6503	-0.026133333
4663	YMR265C	0.9025	1.2358	1.3664	0.235533333	-0.382433333
4665	YMR267W	0.79895	1.354125	1.079175	0.0497	-0.0375
4666	YMR268C	2.6202	2.53075	1.7289	-0.135066667	-0.715066667
4667	YMR269W	1.83965	2.17635	2.0976	-0.3373	-2.087766667
4669	YMR271C	0.7432	0.75935	0.5364	1.103033333	1.117633333
4672	YMR274C	0.879275	0.748075	0.9415	-0.213466667	-0.7492
4677	YMR279C	-1.2636	-1.66245	-1.459375	-0.690133333	-0.209033333
4679	YMR281W	1.0752	1.08445	0.429025	0.907666667	-0.005166667
4688	YMR290C	1.439575	2.03045	2.2921	-0.688166667	-0.716266667
4690	YMR291W	2.066075	1.887725	0.21785	0.508433333	0.6494
4700	YMR300C	1.358325	1.26355	1.463375	0.1322	-0.854266667
4711	YMR310C	1.399625	1.89075	1.694425	-0.695233333	-1.522666667
4713	YMR312W	-1.067	-0.65045	-1.189625	-1.4554	-0.820733333
4722	YMR319C	1.378625	1.938875	2.10455	-0.9711	-2.306733333
4723	YMR320W	1.473175	2.6988	1.7286	-1.378133333	-2.000866667
4730	YNL001W	1.10285	1.16005	0.949825	-0.0185	-0.144466667
4735	YNL006W	-1.52305	-1.3894	-1.382825	-0.516233333	0.266
4736	YNL007C	-2.159175	-2.5505	-1.64775	-0.5798	-0.318766667
4751	YNL022C	1.796175	1.849075	1.931075	-0.188466667	-1.213366667
4753	YNL024C	5.0331	5.894275	6.662875	2.783066667	-1.145533333
4761	YNL032W	0.24235	0.62	0.3815	0.097066667	-0.976566667
4764	YNL035C	0.151325	0.38885	0.13125	-0.668966667	-1.616433333
4765	YNL036W	5.786375	5.70415	6.00125	6.4525	6.876333333
4771	YNL042W	1.6407	1.996525	1.703275	-0.757566667	-1.0792
4773	YNL044W	-0.6202	-1.181525	-0.511125	0.066733333	-0.503133333
4775	YNL046W	-0.64665	-0.603025	-0.7439	0.7874	-0.027066667
4778	YNL049C	-0.869675	-0.705975	-0.680375	-0.641066667	-0.446466667
4782	YNL053W	1.1517	1.36145	1.11805	-0.309633333	-0.063766667
4784	YNL055C	-0.924725	-1.371025	-1.7257	0.1186	0.2512
4785	YNL056W	-1.446175	-1.178575	-0.471775	0.220133333	-0.268533333
4789	YNL061W	2.157025	2.03095	1.815575	-1.75335	-0.1882
4790	YNL062C	1.008475	1.460125	1.177725	-1.774433333	-1.775833333
4793	YNL065W	3.86495	3.1423	1.264175	-1.587533333	0.015666667
4803	YNL075W	2.46745	3.02635	2.127275	-0.3907	-1.436333333
4804	YNL076W	0.924675	0.99675	0.918975	-0.2778	-0.138733333
4808	YNL080C	0.74385	0.98955	1.415275	0.559766667	-0.670633333
4811	YNL083W	1.9354	1.742475	1.397725	-0.1017	-0.099533333
4820	YNL092W	-1.374825	-1.417375	-1.84365	0.935033333	0.382966667
4835	YNL107W	0.702	1.008325	1.004675	0.668866667	-0.4037
4838	YNL110C	2.77205	2.98	2.81455	0.257233333	-0.869766667
4840	YNL112W	4.252225	5.26635	4.378675	-1.3502	-5.555566667
4841	YNL113W	1.818925	1.704575	1.022375	-0.666933333	-1.4034
4842	YNL114C	0.959975	1.229	0.803375	0.575133333	-1.5234
4843	YNL115C	-0.786925	-0.952	-1.482525	0.005333333	0.341666667
4847	YNL119W	2.495925	2.783675	2.33105	0.3395	-0.678566667
4848	YNL120C	2.4298	2.706525	2.51905	0.256866667	-0.491066667
4851	YNL123W	1.532625	2.070625	1.143625	-0.119266667	-1.233966667
4852	YNL124W	2.897325	3.013625	2.754325	0.0391	-0.372233333
4853	YNL125C	0.7907	0.90345	0.690075	0.219966667	0.2551
4858	YNL130C	-1.3244	-1.321525	-1.37375	0.089666667	0.413
4862	YNL134C	-1.272775	-1.1872	-1.526875	1.180866667	1.1072
4865	YNL137C	1.6567	0.955	1.69085	1.993933333	0.345033333
4871	YNL143C	1.640825	2.408525	1.636125	0.779	-0.412066667
4872	YNL144C	1.16955	1.186775	0.1007	-0.107366667	-0.0367
4876	YNL148C	-1.0335	-0.8673	-1.046925	-0.190733333	-0.7579
4887	YNL159C	-1.951375	-2.05305	-1.4556	0.5986	-0.050733333
4890	YNL162W	-0.519825	-0.766575	-1.9256	0.186	-0.918366667
4892	YNL164C	1.704925	1.3403	0.967275	0.188666667	-0.221633333
4895	YNL167C	0.753025	1.28635	1.129225	-0.1004	-0.6607
4897	YNL169C	-0.716525	0.4413	0.9616	0.8359	-0.243433333
4902	YNL174W	2.267125	2.457725	2.31165	-0.5702	-0.7009
4903	YNL175C	2.357825	3.719025	3.021625	-0.593433333	-2.711
4911	YNL183C	1.5657	0.7975	0.794275	-0.184066667	-1.084533333
4912	YNL184C	0.815875	0.756925	0.516575	0.8067	-0.826066667
4914	YNL186W	1.0867	1.00055	0.767575	0.5758	-0.167233333
4915	YNL187W	-0.696575	-1.05965	-1.207275	-0.5625	0.1136
4919	YNL191W	0.5698	0.89555	0.892575	-0.401333333	-1.186033333
4928	YNL200C	-1.558075	-2.133775	-2.960025	1.309966667	1.990766667
4931	YNL203C	0.24845	0.241475	0.358975	1.2375	0.574433333
4933	YNL205C	1.6399	2.3754	2.010325	-0.3268	-1.382533333
4935	YNL207W	1.289425	2.2318	1.600475	-1.134666667	-1.058933333
4936	YNL208W	-1.5634	-1.681775	-1.6332	1.482366667	1.973666667
4939	YNL211C	1.02095	1.155775	0.60185	-0.300533333	-0.3391
4941	YNL213C	1.391575	1.4119	1.12115	0.003066667	-0.626633333
4945	YNL217W	-0.442825	-0.467225	0.5952	-0.7429	-1.592633333
4949	YNL221C	1.262425	1.475575	0.976625	-0.922233333	-0.212133333
4951	YNL223W	0.6619	0.89165	0.770875	0.591333333	-0.9284
4960	YNL232W	1.9651	1.532075	1.910425	0.694633333	-0.305766667
4962	YNL234W	3.829225	2.86725	3.395275	1.326033333	-0.573966667
4967	YNL239W	-0.7962	-0.470425	-0.5214	-0.234	1.3668
4968	YNL240C	1.683925	1.7393	2.596325	-0.334933333	-1.005633333
4976	YNL248C	1.93005	2.226025	2.6249	-0.597566667	-1.366
4979	YNL251C	2.3534	3.235225	2.665175	-0.054766667	-0.151
4980	YNL252C	1.071225	0.557325	0.566725	0.189833333	-0.0294
4984	YNL256W	0.43685	1.07145	1.961575	0.178533333	-1.525466667
4989	YNL261W	0.178775	0.824325	0.343475	0.485666667	0.0337
4993	YNL265C	0.907425	1.1523	1.15235	0.128466667	-0.432466667
5003	YNL275W	1.80075	2.126675	2.0038	0.687066667	-0.0303
5005	YNL277W	1.155375	1.1656	1.550025	0.245866667	-0.433833333
5009	YNL281W	-1.68065	-1.334675	-1.228725	0.268466667	-1.1857
5010	YNL282W	1.0626	1.686925	1.76815	-0.279	-0.987033333
5023	YNL295W	0.87995	1.03845	0.670325	-0.106966667	0.262733333
5024	YNL296W	1.07925	0.77015	0.742733333	-0.19415	-0.81195
5027	YNL299W	1.627175	2.29035	1.38255	-0.639033333	-0.777166667
5028	YNL300W	-1.09055	-2.024	-2.01665	0.054833333	2.169166667
5032	YNL304W	-2.211325	-2.2294	-1.945275	-0.5695	0.345233333
5033	YNL305C	-2.427625	-3.430225	-3.54475	0.588733333	1.024333333
5038	YNL310C	-1.268675	-1.964225	-1.966225	0.2852	-0.172333333
5040	YNL312W	-0.96715	-1.19915	-1.9216	-0.4264	-0.656666667
5041	YNL313C	1.025075	1.041725	0.920425	-0.3976	-1.069133333
5042	YNL314W	-1.10875	-0.553025	0.084	0.3269	-1.033133333
5045	YNL317W	1.65575	1.325375	0.91685	0.273433333	-0.266266667
5049	YNL321W	-0.9619	-1.101675	-1.357275	-1.136166667	0.4278
5061	YNL333W	-0.7372	-0.7208	-0.6901	0.3787	-0.036433333
5062	YNL334C	-1.02175	-1.11775	-1.1815	0.265133333	-0.393566667
5071	YNR004W	0.80355	1.362075	1.5983	1.238933333	-0.5686
5087	YNR020C	1.16715	1.220575	1.05595	0.830066667	-0.112166667
5091	YNR024W	2.4436	2.3757	1.50245	0.018466667	-0.932866667
5092	YNR025C	1.541225	1.564025	1.305875	0.161433333	-2.188266667
5093	YNR026C	2.0156	1.8278	1.691775	-0.3342	-0.020566667
5094	YNR027W	0.8496	0.8321	0.7293	-0.146166667	-1.223233333
5095	YNR028W	0.86325	1.410925	1.360575	0.320733333	-0.144666667
5096	YNR029C	0.81195	1.5636	1.6666	0.0886	0.6482
5097	YNR030W	-0.414925	-0.040975	-0.96	-1.1706	0.656066667
5099	YNR032W	1.0203	0.8837	0.466975	0.436	-0.901233333
5101	YNR034W	0.803075	1.36605	1.34855	1.216766667	0.880433333
5105	YNR038W	1.967125	1.692975	1.389525	-1.500333333	0.112466667
5106	YNR039C	2.00215	1.24385	1.553075	-0.436766667	0.081666667
5110	YNR043W	-1.101375	-0.912525	-0.743775	-1.1866	0.494166667
5112	YNR045W	0.6684	0.79585	0.90255	-0.040533333	0.71
5120	YNR053C	3.06565	2.50295	2.1619	-0.763033333	-0.764033333
5126	YNR059W	-1.172075	-0.9793	-0.78755	-0.6146	0.469
5128	YNR061C	0.198	0.432725	1.239475	0.299233333	-0.0743
5131	YNR064C	-1.039025	-1.5651	-1.43115	-1.342133333	0.271233333
5135	YNR068C	-2.103175	-1.662625	-1.5418	-0.8286	-0.011933333
5136	YNR069C	-1.233025	-0.919525	-0.76535	-0.1007	-1.373233333
5142	YNR075W	-0.124533333	1.718133333	1.877866667	0.1749	-1.25685
5145	YOL001W	0.292425	1.219175	1.774425	0.7246	0.2024
5146	YOL002C	3.0666	4.295375	4.997375	0.5558	-3.085633333
5147	YOL003C	-1.06905	-1.0132	-1.27895	-0.430733333	-0.228
5154	YOL010W	3.65385	2.493	2.72105	0.156366667	-0.283266667
5161	YOL017W	-0.841625	-0.9283	-1.060675	0.207466667	0.7224
5162	YOL018C	0.497925	1.073975	0.734375	0.372433333	0.3646
5166	YOL022C	0.326	0.8288	1.340975	-1.392933333	-0.970133333
5170	YOL026C	-1.363575	-1.851775	-1.764425	0.4264	0.383133333
5171	YOL027C	0.998875	1.620625	1.758475	-0.632033333	-0.790933333
5175	YOL031C	1.086525	1.310125	0.899975	-0.155866667	0.0593
5176	YOL032W	-1.74885	-1.647325	-1.925625	0.439833333	0.274366667
5180	YOL036W	-0.1537	-0.31415	-0.630225	-2.645533333	0.0196
5185	YOL041C	2.087425	3.146275	1.91865	0.2375	-1.193133333
5190	YOL046C	0.86275	1.2455	0.86265	0.472333333	-0.014666667
5197	YOL052C-A	-0.87465	-0.69155	-0.444766667	2.67195	2.552666667
5199	YOL054W	1.107675	1.330775	0.97335	0.202833333	-0.421366667
5202	YOL057W	-0.0237	0.02695	0.101225	0.2573	-2.581
5215	YOL070C	-1.1816	-1.60635	-1.420025	-0.917566667	0.672966667
5221	YOL077C	1.263325	1.16855	1.519625	-2.20395	-1.614
5223	YOL079W	2.5953	2.75465	3.32805	0.494666667	-0.492
5224	YOL080C	2.780975	3.062	3.213325	0.125866667	-1.5052
5226	YOL082W	-1.370875	-1.759275	-2.3696	0.712666667	1.7071
5227	YOL083W	-1.38515	-1.2323	-1.3671	0.950766667	1.0427
5232	YOL088C	-0.3849	-0.8161	-0.79645	-0.092266667	0.0723
5235	YOL091W	1.3778	1.5876	0.9452	1.033266667	0.336666667
5237	YOL093W	0.903225	1.02585	0.503825	-0.3235	-0.556866667
5238	YOL094C	0.386425	0.300875	0.37465	0.242566667	-0.5357
5245	YOL101C	4.573675	5.64035	3.74985	-1.078066667	-6.801866667
5251	YOL107W	-1.724375	-1.759966667	-1.8374	-0.279433333	-0.119333333
5253	YOL109W	-4.5866	-3.12905	-5.507025	-3.3179	0.015533333
5255	YOL111C	-1.0585	-1.482925	-0.652125	-0.417133333	1.111866667
5256	YOL112W	-1.59535	-1.307325	-0.85095	-0.1314	1.4343
5258	YOL114C	-0.907225	-1.149275	-1.49515	0.594666667	0.394866667
5259	YOL115W	0.496825	1.420975	0.81535	-0.0235	-1.040233333
5267	YOL123W	1.356425	2.185275	2.35225	-0.206133333	-1.160766667
5268	YOL124C	3.012775	2.76605	2.503	-0.915033333	-0.695766667
5269	YOL125W	0.647425	1.52395	1.098375	-0.262566667	-0.309566667
5270	YOL126C	-0.89835	-2.007925	-2.55345	-1.662533333	1.6845
5272	YOL128C	1.4204	0.3618	-0.22335	-0.556433333	-0.062233333
5273	YOL129W	-0.934275	-1.490825	-1.3281	1.377333333	0.786833333
5274	YOL130W	0.972466667	0.8945	1.26735	0.45175	-0.36385
5280	YOL136C	4.9046	4.8549	1.962075	-1.6701	-0.082833333
5281	YOL137W	0.509925	0.7452	0.7709	-0.2413	-0.800866667
5286	YOL142W	0.845	1.6364	1.863125	-1.17175	-0.74585
5290	YOL146W	-1.145225	-1.09065	-1.749225	-0.6976	0.6772
5291	YOL147C	-0.598975	-1.235675	-1.505475	-0.2725	0.337033333
5295	YOL151W	-1.509075	-1.256175	-1.008975	0.9511	-0.109166667
5298	YOL154W	0.822025	1.584775	1.711125	1.761133333	0.7725
5300	YOL156W	4.0988	2.508875	1.45375	0.646833333	-0.4871
5302	YOL158C	-0.87875	-0.9975	-1.589575	-1.158766667	-0.570166667
5303	YOL159C	-1.478775	-1.231066667	-1.37065	0.394933333	-0.117633333
5313	YOR003W	1.038275	1.422275	1.418475	1.2456	0.688733333
5314	YOR004W	2.216475	2.182925	3.1346	-0.553366667	-0.6341
5318	YOR008C	0.8708	1.518075	1.542025	0.379333333	0.162033333
5319	YOR009W	1.4454	1.759825	1.621675	0.552266667	-0.487566667
5335	YOR025W	-1.9455	-1.66315	-0.566625	-0.391566667	-0.169733333
5338	YOR028C	0.614625	1.73325	2.57445	1.305766667	-0.671666667
5350	YOR040W	0.79585	1.429325	2.0708	1.770166667	0.7271
5352	YOR042W	-0.792225	-0.37655	-0.975675	0.029966667	0.306166667
5353	YOR043W	2.0555	2.27385	2.18565	0.1571	-0.317833333
5354	YOR044W	0.632925	0.653825	1.5278	0.990133333	0.080066667
5357	YOR047C	1.482575	1.938325	1.159625	-0.5968	-0.396466667
5359	YOR049C	-0.151075	0.17455	-1.174725	-1.785233333	-1.0855
5362	YOR052C	1.37475	1.690425	1.016725	0.782566667	-0.585133333
5366	YOR056C	2.157875	2.272675	2.346125	-0.313433333	-0.572633333
5369	YOR059C	-0.98725	-1.17075	-0.90665	-0.317033333	0.170233333
5370	YOR060C	1.200075	1.625575	1.2519	0.354833333	-1.109266667
5371	YOR061W	1.235375	1.977725	1.806725	0.140933333	0.198666667
5372	YOR062C	1.985875	1.41275	1.08145	0.170566667	-0.34405
5375	YOR065W	-0.797875	-0.538775	-0.87715	0.7742	1.456533333
5384	YOR074C	-1.1597	-1.685275	-2.614125	-0.198366667	0.593366667
5388	YOR078W	1.8729	1.345825	1.2769	0.3497	-0.744933333
5389	YOR079C	1.4368	1.211075	1.0968	0.166633333	0.237433333
5394	YOR084W	-1.242825	-1.2346	-0.613675	-0.076366667	0.098066667
5395	YOR085W	-1.008775	-1.0279	-1.356075	-0.9203	0.095633333
5410	YOR101W	3.324575	3.003025	2.273825	-1.228233333	-0.6607
5412	YOR103C	-0.07895	0.22885	-0.393325	1.283366667	0.6192
5414	YOR105W	0.45565	0.714475	0.948275	0.288566667	0.1202
5416	YOR107W	3.915	5.02915	3.929975	1.330366667	-0.403033333
5418	YOR109W	-0.674025	0.399975	-0.116	0.2871	1.195866667
5427	YOR118W	1.09145	1.2585	1.44765	-0.6695	-1.114166667
5431	YOR122C	-0.68955	-0.388875	-0.86155	0.847	0.001733333
5435	YOR126C	-0.8658	-0.723925	-1.070425	0.099633333	-0.816866667
5437	YOR128C	1.3853	1.131775	-0.050725	-0.706833333	0.236233333
5444	YOR135C	-2.294575	-1.239075	-1.92575	-1.2612	0.031
5446	YOR137C	0.40445	0.83005	0.781275	0.293	-0.041466667
5448	YOR139C	-0.485075	-0.56415	-0.356125	0.880666667	0.606733333
5452	YOR143C	0.958325	1.6852	0.85805	-0.071033333	-0.2724
5453	YOR144C	-0.44815	-0.254075	-1.0483	0.0204	0.7807
5454	YOR145C	1.801425	1.655225	1.659925	-0.3253	-1.355133333
5456	YOR147W	1.881125	1.892475	1.37835	-0.384933333	-0.787233333
5461	YOR152C	-1.28125	-1.29035	-0.8243	0.756733333	0.348533333
5467	YOR158W	0.459525	0.599275	0.4405	0.273033333	-1.6138
5469	YOR160W	-0.58155	-0.588025	-0.641425	0.399833333	-1.081633333
5470	YOR161C	-1.030675	-1.430525	-1.89955	1.2487	1.9983
5482	YOR173W	-1.493325	-1.6507	-1.628575	2.405566667	2.5877
5483	YOR174W	0.51025	0.855675	0.73105	0.735433333	-1.359
5489	YOR180C	1.1901	1.69615	1.691625	0.512266667	0.389966667
5491	YOR182C	1.173325	-0.0406	-0.75665	0.430033333	-1.9244
5494	YOR185C	-0.79585	-0.594875	-1.1212	1.824033333	2.3379
5497	YOR188W	0.004975	-0.027625	-0.398025	0.326833333	1.360333333
5505	YOR196C	0.6017	1.101875	1.432325	0.890033333	-0.399766667
5506	YOR197W	-0.81145	-1.055925	-1.117875	-0.7427	-0.610866667
5515	YOR206W	1.60225	1.41015	1.904225	-0.9345	-0.616966667
5522	YOR213C	0.65015	1.38435	1.4645	-0.116466667	-0.952666667
5523	YOR214C	2.426825	2.747825	1.58595	0.786066667	-0.713566667
5524	YOR215C	0.54265	0.927975	0.0984	1.1976	1.001533333
5535	YOR226C	-2.962	-1.3613	-1.927025	-0.978733333	-0.967966667
5537	YOR228C	0.76995	1.216575	0.444375	1.219533333	-0.585766667
5539	YOR230W	-0.962875	-0.493825	-1.42675	0.0733	0.2559
5546	YOR237W	-0.19995	0.7338	2.1171	0.482533333	0.5536
5560	YOR252W	1.0592	1.144925	1.7709	-0.422233333	-1.981666667
5570	YOR262W	1.41245	1.2502	1.844825	0.014233333	-0.718633333
5572	YOR264W	-0.44735	-1.195575	-1.77635	-0.005933333	-0.282666667
5575	YOR267C	0.93345	1.77555	1.261325	0.9064	-0.3819
5577	YOR269W	1.74955	2.31265	1.675925	-0.058133333	-1.142566667
5580	YOR272W	2.2517	2.4483	2.2779	-1.016633333	-0.929533333
5589	YOR281C	0.72045	1.362175	0.876425	-0.549	0.740833333
5591	YOR283W	1.1836	1.8662	1.116725	-0.046366667	0.617733333
5592	YOR284W	-0.716225	-1.2815	-1.80495	0.0023	0.6158
5595	YOR287C	2.8483	3.24655	2.300325	-0.6119	-0.693133333
5597	YOR289W	-0.457725	-0.867875	-0.684	2.256	1.8043
5600	YOR292C	-0.771633333	-1.406466667	-1.341825	0.2131	0.82785
5602	YOR294W	1.416275	2.15225	1.996325	-0.702433333	-1.7216
5603	YOR295W	0.951325	1.048675	0.5058	0.0158	-0.153466667
5605	YOR297C	0.85715	0.62315	0.183375	0.031733333	-0.587633333
5609	YOR301W	-1.8456	-2.384375	-2.015175	-1.421533333	0.0421
5611	YOR303W	2.084375	2.37535	2.3653	0.732666667	0.805166667
5615	YOR306C	2.2194	1.893225	1.826133333	-0.575933333	-0.715066667
5618	YOR309C	0.474325	0.8802	1.37945	-1.7011	-2.4029
5619	YOR310C	1.271125	1.586033333	1.701775	-0.4867	-0.652233333
5624	YOR315W	-1.45355	-0.761275	-0.363325	-2.705433333	-2.472633333
5640	YOR331C	-0.977075	-1.0532	-1.380225	-0.319	-0.478733333
5641	YOR332W	-0.758825	-1.05425	-0.96985	-0.277833333	0.457933333
5646	YOR337W	0.671275	0.237725	0.551675	-0.412833333	0.24105
5647	YOR338W	4.6646	4.72685	1.25015	0.334866667	-0.4204
5648	YOR339C	3.685225	3.472225	3.098575	0.439433333	-0.987233333
5649	YOR340C	1.741775	1.37865	1.282225	-1.630666667	-1.596633333
5651	YOR342C	3.792875	2.83875	2.240275	0.9977	-0.443966667
5653	YOR344C	3.243675	2.8144	1.180175	0.175633333	-0.558533333
5655	YOR346W	-0.81605	-0.5353	-1.172425	0.283433333	0.026266667
5656	YOR347C	-1.07385	-1.180075	-1.476325	-0.08	-0.080333333
5661	YOR352W	-1.002425	-1.12035	-1.70655	0.3261	0.172166667
5664	YOR355W	-0.57375	-1.09325	-2.1385	-0.3333	0.2167
5665	YOR356W	1.434675	1.057675	0.93965	0.0603	0.7602
5668	YOR359W	2.201975	2.022975	1.0475	-0.631433333	-0.648833333
5669	YOR360C	3.7817	3.46455	1.88415	-0.404133333	-1.021133333
5670	YOR361C	0.77985	1.251425	1.14435	0.177866667	-1.3328
5676	YOR367W	-1.023375	-1.518825	-1.79005	0.096133333	-0.4764
5686	YOR377W	-0.034875	0.66135	0.983975	-1.665233333	-2.929866667
5699	YOR390W	0.675325	1.239275	1.518275	0.127566667	-0.334433333
5701	YOR392W	1.693875	1.65585	1.4094	0.582233333	-0.3079
5705	YPL002C	-0.326775	-0.74825	-0.6304	0.202733333	-0.436466667
5721	YPL018W	-1.7958	-1.5359	-0.35225	1.3387	1.753666667
5722	YPL019C	-0.329925	0.631	2.290475	0.736566667	1.8494
5723	YPL020C	0.527525	1.037225	0.842725	0.354366667	-0.9463
5729	YPL026C	3.950475	1.11445	-1.309425	0.287766667	1.245533333
5730	YPL027W	2.65555	1.9061	1.382475	1.1896	-0.8822
5733	YPL030W	2.198175	2.510175	1.9416	-0.694933333	0.2397
5734	YPL031C	-2.173666667	-1.8206	-1.83535	-0.217233333	0.631466667
5737	YPL034W	-1.28705	-0.698025	-0.672325	0.322033333	-0.224833333
5738	YPL035C	-1.239475	-1.0611	-0.470525	0.0394	0.076766667
5742	YPL039W	1.4084	1.135775	0.6778	0.116133333	0.011966667
5744	YPL041C	-0.61415	-0.67335	-0.675725	0.5762	0.241333333
5745	YPL042C	2.169975	2.7891	2.235875	0.093633333	-0.187466667
5746	YPL043W	2.296225	2.739075	2.446075	-0.1338	-0.773
5747	YPL044C	2.32345	3.24565	2.604475	-0.3559	-1.0779
5749	YPL046C	-0.518175	-0.975775	-1.0473	0.203066667	-0.246333333
5751	YPL048W	-0.882025	-1.35365	-1.156775	-0.314	1.0954
5752	YPL049C	1.125925	1.94775	0.806775	-0.5896	-0.422133333
5754	YPL051W	1.085925	1.21555	1.1747	0.914933333	-0.350266667
5755	YPL052W	2.501725	2.246225	2.4526	0.969633333	-0.413833333
5756	YPL053C	0.2084	0.54755	1.348425	0.158466667	0.3987
5757	YPL054W	2.4114	2.121	1.667425	1.073166667	0.0596
5760	YPL057C	2.91285	2.6337	0.122675	0.337066667	0.577166667
5768	YPL065W	-1.510875	-0.99905	-1.3968	-0.1469	-0.452266667
5770	YPL067C	-1.28365	-1.8253	-1.6727	0.1367	1.042266667
5771	YPL068C	2.2266	2.191825	2.043175	-0.239466667	-0.237333333
5772	YPL069C	1.39595	1.995825	1.74305	0.834566667	-0.974166667
5773	YPL070W	2.243425	2.839325	2.745175	0.714966667	-0.107333333
5778	YPL075W	-1.910775	-1.705275	-1.213725	-1.002633333	-0.5432
5782	YPL079W	-0.355225	-0.648175	-1.4807	0.163266667	-0.771566667
5783	YPL080C	-0.982275	-0.6815	-2.076275	0.0553	0.588666667
5785	YPL082C	-0.819475	-1.02465	-1.04925	-0.691333333	0.88235
5789	YPL086C	1.24105	1.847075	1.485275	-0.937366667	-0.301266667
5790	YPL087W	-0.77625	-1.415325	-1.7747	0.7001	1.2227
5791	YPL088W	1.936675	2.085075	3.0391	1.403533333	-0.226633333
5792	YPL089C	1.2613	0.896075	0.826125	0.322833333	-0.409766667
5793	YPL090C	-0.2502	-0.396875	-0.835575	-0.7305	-0.6753
5795	YPL092W	1.0275	0.9968	0.1269	-0.531533333	-0.580966667
5796	YPL093W	2.138575	2.54025	2.990075	0.570466667	-0.651133333
5801	YPL098C	-0.741475	-1.1195	-1.54425	0.006933333	0.2717
5808	YPL105C	0.851325	1.384975	0.87175	-0.751433333	-1.216966667
5811	YPL108W	0.9443	1.024775	0.8197	0.456133333	-0.9621
5818	YPL115C	-0.38925	-0.76085	-0.741275	-0.322666667	-0.055833333
5821	YPL118W	0.994725	2.112625	2.2114	0.311766667	0.888433333
5823	YPL120W	-1.708675	-2.1005	-1.93235	-0.815633333	0.173366667
5825	YPL122C	1.0858	1.220675	1.3945	-0.2525	-0.377333333
5826	YPL123C	-1.19415	-1.574625	-1.904775	1.123	1.120333333
5829	YPL126W	1.1189	1.34195	1.577475	-0.289333333	0.147466667
5837	YPL134C	0.402925	0.56195	-0.215525	0.615633333	0.579266667
5838	YPL135W	2.06715	1.40005	0.4433	-0.054833333	0.859933333
5844	YPL141C	-0.864125	-0.616225	-0.726	0.5376	0.300833333
5851	YPL148C	0.325925	0.426125	0.7823	1.472533333	0.6618
5859	YPL156C	1.95115	1.221925	1.2098	0.333566667	0.0223
5860	YPL157W	2.427525	2.251875	1.6193	0.184133333	-0.491866667
5862	YPL159C	2.83685	2.5965	1.7151	1.0478	0.3609
5866	YPL163C	0.147225	0.031975	-0.47925	1.4204	1.709233333
5875	YPL172C	1.854425	1.16885	1.49735	0.158766667	0.0521
5876	YPL173W	1.910225	1.5199	2.33535	1.003933333	0.175
5880	YPL177C	-0.39905	-0.524325	-1.895125	-1.462333333	0.806666667
5882	YPL179W	1.183	1.65855	1.08295	-0.727366667	0.349266667
5884	YPL181W	1.1113	1.066025	0.9907	0.5082	-0.1439
5886	YPL183C	0.793425	1.013725	0.75865	0.1028	0.9726
5888	YPL185W	0.99675	1.362125	1.3476	0.338933333	-0.9226
5889	YPL186C	-0.39325	-0.113475	-0.51785	1.985733333	1.224
5896	YPL193W	1.32275	2.035125	2.61755	0.729833333	-0.113633333
5903	YPL200W	2.04365	1.602325	0.597425	0.545566667	-1.155733333
5905	YPL202C	2.186275	1.956825	0.6656	-0.7998	-0.7218
5906	YPL203W	-0.898025	-1.351125	-1.471675	0.070066667	0.2086
5907	YPL204W	2.233525	2.017825	1.5923	0.349266667	-0.4389
5908	YPL205C	1.4339	1.922125	0.993275	-0.198233333	-0.7086
5909	YPL206C	-0.0425	-0.812725	-1.1927	0.589	1.326133333
5913	YPL210C	0.721525	1.361375	0.593825	-0.276066667	-0.122466667
5915	YPL212C	1.5977	2.548025	2.538425	-0.302633333	-0.9045
5925	YPL222W	-0.006925	-0.597475	-0.472525	0.445633333	1.5815
5926	YPL223C	-0.919525	-0.80475	-0.778475	-0.145366667	1.709433333
5932	YPL229W	1.2889	1.06245	0.002425	0.2938	-0.4041
5933	YPL230W	-0.354025	-0.51435	-0.3815	1.1114	1.744533333
5938	YPL235W	0.9021	1.51845	1.43825	0.185166667	0.1828
5941	YPL238C	0.4713	0.954125	1.683375	-0.739033333	-1.125233333
5944	YPL241C	-1.809725	-1.967525	-1.56365	-0.076866667	0.3386
5948	YPL245W	1.521925	2.054875	2.462575	0.195166667	-1.206466667
5953	YPL250C	2.007475	3.061825	2.73635	0.8068	-0.225966667
5957	YPL254W	2.08295	2.475625	2.397825	0.6669	-0.594966667
5970	YPL267W	-1.29215	-1.510875	-1.61275	0.399233333	0.869566667
5975	YPL272C	-0.0589	0.86415	1.8594	0.8104	0.5572
5982	YPL279C	0.2332	1.30715	1.416075	0.0069	0.350333333
5988	YPR002W	2.62455	3.039075	1.43745	-0.3529	-0.360366667
5994	YPR008W	1.957875	2.087075	1.211575	0.136866667	-1.046466667
5995	YPR009W	2.618075	2.8801	2.202625	1.0829	-0.556333333
5999	YPR013C	0.453725	1.0716	0.3582	-0.328833333	-0.7436
6002	YPR016C	1.13975	1.5058	1.723	0.0083	-1.0083
6011	YPR025C	0.4307	0.8409	1.09995	0.270433333	0.245833333
6015	YPR029C	0.313775	0.592175	0.5389	0.251566667	-0.5259
6017	YPR031W	0.3329	0.628475	0.649825	0.0962	-0.7316
6018	YPR032W	1.080875	1.514	2.399075	-0.5642	-1.305766667
6033	YPR047W	0.62635	1.098075	0.8069	0.2152	0.429033333
6034	YPR048W	0.23805	0.2249	0.959175	-0.615033333	-0.844266667
6036	YPR050C	0.065975	0.624425	1.265025	0.624466667	-0.334433333
6037	YPR051W	0.8181	0.98415	1.268325	1.4514	-0.2259
6046	YPR060C	1.25495	1.3496	1.5878	0.11015	-0.673733333
6047	YPR061C	1.921325	2.0683	0.7371	0.330466667	-0.8103
6053	YPR067W	-1.4417	-1.863425	-1.800225	0.300866667	-0.336733333
6057	YPR071W	0.508175	0.7738	1.2765	0.419466667	-0.6793
6058	YPR072W	0.405775	-0.2056	0.0256	0.009933333	-2.0417
6059	YPR073C	-0.375975	-0.78315	-1.1068	0.276466667	1.060466667
6063	YPR077C	1.35025	2.415925	1.435275	-0.709433333	-0.533966667
6083	YPR098C	-0.9195	-0.921425	-1.329025	1.226	1.5212
6095	YPR110C	1.923	1.102075	1.856275	-1.063933333	0.080566667
6097	YPR112C	1.526025	1.137575	0.9228	0.2081	-0.376533333
6110	YPR125W	2.46025	2.64075	1.73115	-0.7758	-0.6549
6111	YPR126C	1.787975	1.584375	1.284175	0.3645	-1.113966667
6116	YPR131C	-0.557475	-1.3316	-1.4911	-0.039466667	0.6197
6121	YPR136C	2.21615	2.935175	1.935725	-0.656133333	-0.715133333
6122	YPR137W	2.91475	2.8067	2.294825	-0.8304	-0.805066667
6127	YPR142C	1.855475	2.331	2.453825	0.563366667	-0.8847
6128	YPR143W	2.558925	2.61325	2.817325	0.429233333	-1.2731
6129	YPR144C	1.4927	1.64775	1.0117	-1.111233333	-0.359233333
6131	YPR146C	-0.92615	-1.5411	-1.836525	0.216666667	-0.772233333
6132	YPR147C	-0.912825	-1.12575	-1.15235	-0.605933333	0.7428
6134	YPR149W	-2.2183	-3.027175	-3.0061	0.814133333	2.194133333
6135	YPR150W	0.257475	0.5612	0.53085	0.651666667	1.5834
6139	YPR154W	-0.8357	-0.872575	-0.63355	-0.421166667	-0.8848
6143	YPR158W	-3.568625	-1.960825	0.9621	0.2724	-0.1718
6147	YPR162C	-0.456375	-1.186125	-1.164666667	-0.4062	-1.117066667
6149	YPR164W	0.321725	0.68845	1.11585	0.234066667	0.72415
6152	YPR167C	2.196975	2.539175	3.32225	1.810666667	0.333566667
6157	YPR172W	-1.146175	-1.313375	-1.767075	0.027266667	1.256866667
6165	YPR180W	-1.275825	-1.270625	-1.338225	-0.2211	0.0295
6171	YPR186C	1.169575	1.55135	1.503	-0.340633333	-0.073666667
6175	YPR190C	1.919975	2.697	2.270625	-1.070566667	-0.515666667
6177	YPR192W	-1.15665	-1.29935	-0.93675	1.2049	0.135133333
6181	YPR196W	-0.49565	-0.707025	-0.5504	-0.353333333	0.528
6185	YPR200C	1.289725	0.995975	1.352025	1.445933333	-0.9088
6188	YPR203W	-1.01895	-1.06295	-0.4976	-0.014933333	0.311133333
