SPOT	Gene Symbol	15m	30m	60m	90m	120m
7	YAL008W	-0.51155	0.10675	-0.268025	1.327375	0.60785
11	YAL012W	-0.30175	-0.576975	-0.435725	-0.7927	-1.21005
12	YAL013W	1.1803	1.1092	0.9637	-0.881975	-0.387
24	YAL025C	2.5877	2.919825	2.74905	-1.533525	-1.3735
29	YAL030W	-0.6542	-0.643	-0.9498	0.7865	-0.1801
33	YAL034C	0.412675	0.792975	0.63005	0.333175	0.50485
37	YAL036C	0.6215	0.84375	0.73715	-0.864375	-0.6798
40	YAL039C	0.79535	0.910175	0.434375	0.148075	0.216233333
41	YAL040C	3.2424	3.074725	1.322225	0.172225	0.323025
46	YAL044C	-1.45895	-2.3903	-2.5959	-0.386025	1.42465
47	YAL045C	-0.735966667	-1.334125	-1.66725	-0.14	0.225033333
51	YAL049C	-0.6228	-0.8517	-0.98145	0.805925	0.257675
56	YAL056C-A	-1.1818	-1.095125	-1.519525	-0.261175	0.11035
59	YAL059W	2.271425	1.989375	3.893025	-1.5801	-0.75415
60	YAL060W	-0.801575	-1.2384	-1.9838	0.12745	1.149575
61	YAL061W	-0.612	-0.5013	-0.543775	1.361625	1.422625
62	YAL062W	-0.348875	-0.4767	-1.069125	-0.2862	0.62345
63	YAL063C	-1.06515	-1.154875	-1.9202	-0.158325	1.371175
68	YAL067C	-0.8787	-0.736425	-0.511825	-0.18725	-0.292525
79	YAR015W	0.219525	-0.523525	-1.534775	-0.649075	0.621325
84	YAR027W	-1.164275	-1.62065	-1.3787	0.8769	0.573833333
85	YAR028W	-0.838475	-0.984775	-1.4791	0.50835	0.669175
88	YAR031W	-0.4219	-0.7232	-0.4492	0.034075	-0.7849
89	YAR033W	-0.3025	-0.6867	-0.81995	0.594975	1.170325
107	YAR071W	0.057825	0.2971	1.327325	0.291225	0.6516
108	YAR073W	0.81315	1.085825	1.72355	-0.52775	-0.88135
109	YAR074C	0.703875	1.21685	1.476125	-0.28635	-1.2286
110	YAR075W	0.75895	0.6484	1.07805	-0.729525	-1.1388
113	YBL003C	-1.04515	0.54255	0.545966667	-0.3382	0.622266667
123	YBL011W	1.029275	1.60345	1.141825	0.0208	-0.2036
128	YBL016W	1.708525	1.038475	0.79965	-0.0394	-0.0645
129	YBL017C	0.339425	1.060625	1.091425	-0.553675	0.222075
140	YBL028C	1.177533333	1.4174	2.929775	-2.101833333	0.207975
145	YBL033C	2.006825	0.506875	-0.826025	-0.560625	-0.471225
150	YBL038W	1.928025	1.2281	1.467475	-0.37255	0.4371
151	YBL039C	2.16825	2.5282	1.829525	-2.267475	-0.55215
154	YBL042C	1.285625	0.636125	0.5632	-0.7519	1.243975
169	YBL057C	-0.40815	-0.893575	-0.54375	0.0391	0.11405
176	YBL064C	-1.1524	-1.50705	-2.170275	2.670375	1.35885
178	YBL066C	-0.831125	-0.6193	-0.827325	-0.6878	0.72375
180	YBL068W	0.5403	0.796375	1.09325	-0.721825	-0.9544
183	YBL071C	-1.063225	-1.450575	-1.094125	-1.08645	-0.962975
193	YBL081W	2.504575	2.6631	2.005025	0.025075	-0.774375
198	YBL086C	-0.52685	-1.05385	-0.9265	0.35555	0.137925
204	YBL092W	-1.1684	-0.577375	-1.03755	-0.6394	-0.102075
205	YBL093C	2.42805	2.30175	1.563575	-0.81315	-0.767475
207	YBL095W	0.30815	-0.05305	-0.374075	-0.902175	-0.613475
212	YBL100C	-0.3335	-0.244775	-0.19845	0.20935	1.3904
213	YBL101C	0.238525	0.518075	0.206125	0.34795	0.930975
216	YBL102W	-1.010475	-1.1867	-1.14285	0.56995	-0.3311
221	YBL107C	0.62005	0.6748	0.7346	0.432975	-0.383325
227	YBR001C	1.29045	1.050175	0.424375	-0.238575	-0.6499
229	YBR003W	1.347475	0.9621	0.491225	-0.11685	-0.257525
235	YBR009C	-0.451666667	-0.5484	-0.0952	-1.297875	0.463975
241	YBR013C	-1.0189	-1.360875	-1.129475	0.93185	0.4838
242	YBR014C	0.31135	-0.0721	-0.02865	1.49315	1.61355
244	YBR016W	-0.71965	-0.981	-1.2962	-0.253275	-0.7126
247	YBR019C	-0.46895	-0.49605	-0.65145	0.07085	-0.710725
249	YBR021W	1.075525	1.16655	0.294725	0.045575	1.74175
253	YBR025C	0.318375	0.3962	-0.784225	-0.78915	-2.2939
254	YBR026C	-0.847125	-0.794725	-1.87445	1.556525	0.54225
257	YBR029C	1.266575	1.756625	2.13305	-0.023625	0.4624
258	YBR030W	1.6827	1.775675	1.83835	-0.42365	-0.227075
259	YBR031W	-1.461	-1.33555	-2.0602	0.272025	-0.496875
261	YBR033W	4.06575	3.5892	4.0614	-1.1147	-0.931275
262	YBR034C	3.56815	3.22565	3.740525	-0.33675	-0.61355
263	YBR035C	-0.73075	-1.090675	-1.34385	1.2327	0.6429
270	YBR042C	2.410025	2.594375	2.61995	-0.434025	-0.39355
271	YBR043C	2.714675	2.3278	2.49735	-0.74645	-0.279175
274	YBR046C	-0.5112	-0.436375	-0.558525	0.562125	0.610533333
278	YBR050C	1.340375	1.298125	1.14245	0.1062	-0.172366667
279	YBR051W	2.5786	0.0355	0.81045	-1.698	-1.6103
280	YBR052C	-0.54155	-1.10675	-1.290666667	0.20105	0.231425
281	YBR053C	-1.309233333	-1.84775	-2.00075	1.06345	1.1577
282	YBR054W	-1.61985	-2.2099	-1.938533333	0.4292	0.790725
295	YBR067C	2.015575	2.140925	2.18385	-1.44645	-3.925775
297	YBR069C	2.0798	1.8369	0.768575	-0.323775	-0.365425
298	YBR070C	-0.88945	-0.698075	-1.201725	0.811525	-0.741825
299	YBR071W	-2.559375	-1.63205	-0.870875	0.57455	0.337825
304	YBR077C	-0.377025	-1.01545	-0.825833333	0.36085	0.3482
308	YBR081C	0.555466667	0.51945	1.020666667	0.30685	0.3415
322	YBR093C	-0.098733333	0.477725	0.86535	0.650375	0.070525
325	YBR096W	-0.91385	-1.30145	-1.900275	0.480375	-0.0874
326	YBR097W	0.848633333	1.14055	1.389825	-0.273375	-0.075675
332	YBR104W	-0.441	1.8081	2.48785	-1.862466667	-1.1439
333	YBR105C	6.49025	3.256133333	0.374566667	-2.09635	1.019
335	YBR107C	1.632925	1.66775	1.4337	-0.099175	-0.65555
336	YBR108W	1.31525	0.7418	1.196475	0.241975	-0.0245
339	YBR111C	-0.529675	-0.9243	-1.17655	1.1672	0.8423
341	YBR113W	-0.32715	-0.76105	-1.092025	-0.32765	-0.463525
345	YBR117C	-0.50835	-0.34315	-0.1875	0.622725	0.90975
350	YBR122C	1.00675	0.78965	0.8468	-0.02755	0.30825
353	YBR125C	1.091133333	0.006725	0.301133333	1.0484	-0.2705
354	YBR126C	-0.14845	-0.487975	-0.86315	2.1701	2.62625
367	YBR139W	-0.715733333	-0.345075	-0.38955	0.81815	0.703975
370	YBR142W	0.274425	0.924775	0.7514	-0.192075	0.11425
377	YBR149W	-0.2152	-0.6646	-1.303766667	2.168375	1.71895
382	YBR154C	1.32975	1.37395	1.420425	-0.86145	-0.560675
383	YBR155W	2.160925	2.060275	1.67505	-1.7169	-1.38845
392	YBR163W	1.3051	1.181275	1.841725	-0.04765	-0.0116
394	YBR165W	1.39955	1.042975	1.396725	0.2265	-0.023025
395	YBR166C	0.406425	0.677625	0.9587	0.52375	0.07175
401	YBR172C	0.686725	0.837275	0.442125	-0.76045	-0.590625
404	YBR175W	0.40745	0.41275	0.682575	0.060125	-0.4127
412	YBR183W	-0.495925	-0.174075	-0.509975	1.173725	2.18785
418	YBR189W	-0.392975	-0.748425	-1.03975	-0.06915	-1.148175
421	YBR192W	0.4871	0.659825	0.1906	0.4355	-0.317825
424	YBR195C	-0.40465	-0.5978	-0.529075	-0.124825	-0.572075
436	YBR207W	1.43115	1.036975	1.266175	-0.0231	0.101825
440	YBR211C	1.0343	0.682825	1.242675	0.354125	0.0489
454	YBR225W	0.4043	0.521525	0.431575	0.118575	0.320975
456	YBR227C	0.6738	0.6117	0.50115	0.1926	0.192
459	YBR230C	0.07765	-0.470225	-1.298125	1.02815	0.62145
463	YBR234C	-0.3147	-0.2711	-0.481225	0.59725	0.11705
465	YBR236C	-0.75115	-0.647125	-0.86845	0.33415	-0.145425
466	YBR237W	0.23015	0.506975	0.401375	0.4333	0.390175
468	YBR239C	0.234575	0.178	0.426375	0.353925	-0.124625
472	YBR243C	-0.187425	-0.42875	-0.90825	0.445925	0.240525
473	YBR244W	-1.593625	-1.765375	-1.683025	0.161475	-0.14425
476	YBR247C	1.4176	1.970425	1.42005	-1.311075	-0.38155
478	YBR249C	0.6514	1.0692	1.313325	0.458525	-0.694425
480	YBR251W	0.722825	0.773525	0.467375	0.042175	0.83645
487	YBR258C	0.733425	0.206125	0.362475	-0.51215	-0.244025
490	YBR261C	-0.724575	-0.754375	-0.9109	-0.450625	-0.69055
495	YBR266C	2.111725	2.206375	1.569725	-0.88305	0.27865
496	YBR267W	1.683825	1.584675	2.037175	-0.178725	-0.97585
500	YBR271W	0.8845	1.434675	2.335125	-0.265725	-0.935475
512	YBR283C	1.108825	1.215525	1.230725	0.581575	-0.578775
514	YBR285W	1.148525	1.15475	1.339325	0.446925	0.55075
515	YBR286W	-0.13475	-0.266875	-0.412275	1.7107	1.0746
526	YBR297W	2.588875	1.006	0.4803	-0.39025	-0.45735
528	YBR299W	1.0505	0.6885	0.858975	0.278875	0.0128
529	YBR300C	1.3179	0.84575	1.41625	-0.2099	-0.192125
533	YCL002C	0.487075	0.375925	0.35515	0.2193	0.295075
550	YCL022C	-0.762525	-1.768875	-1.28475	1.16335	-0.2402
553	YCL025C	0.6365	0.561425	0.2475	0.210075	0.05435
554	YCL026C	0.3712	0.719225	0.615725	0.166975	-0.4353
557	YCL028W	-0.4701	-0.1013	-0.5263	1.089275	0.5207
560	YCL031C	2.005625	1.63575	2.200225	-0.030725	-0.523825
562	YCL033C	-0.889	-0.9662	-1.590875	0.73165	0.56685
564	YCL035C	-0.93795	-1.036625	-1.314825	1.392325	1.38745
567	YCL038C	0.64725	0.075275	1.20285	0.605133333	0.8135
569	YCL040W	-1.187666667	-0.715525	-2.59285	5.7152	3.740075
571	YCL042W	-0.637366667	-1.404125	-0.899	2.564833333	1.52985
576	YCL047C	-1.25925	-1.386575	-1.1742	-0.5595	-0.510325
579	YCL050C	-0.6317	-0.561525	-0.64795	0.3449	-0.624
582	YCL053C	2.5438	3.3249	3.098775	-1.0384	-0.0268
583	YCL054W	1.99695	2.2845	3.1386	-1.31695	-0.952275
584	YCL055W	1.7661	0.9075	0.2489	0.320775	0.520725
587	YCL058C	2.27545	1.6684	1.48075	-0.5105	-1.040075
588	YCL059C	1.297875	1.8335	2.137375	-2.181825	-0.823725
592	YCL064C	0.405175	0.256025	0.09285	-2.452225	-0.16965
616	YCR004C	-0.551825	-0.92735	-1.2887	1.260125	1.547775
621	YCR009C	-0.5954	-0.88445	-0.857925	0.904675	0.79605
627	YCR015C	0.25915	-0.025725	0.0196	1.212475	1.183975
628	YCR016W	2.368375	2.506925	2.49605	-1.297825	-0.274625
633	YCR020C-A	-0.044975	-0.5538	-1.066425	0.049675	-0.12365
635	YCR022C	0.632125	0.27955	0.359	0.160375	-0.178275
637	YCR024C	-0.4281	-0.790125	-0.568025	0.100875	0.1642
641	YCR027C	1.04335	0.405175	1.132775	0.1627	-0.0868
643	YCR029C	-0.01855	-0.20035	-0.2981	0.649925	0.12955
647	YCR033W	0.57275	0.4292	0.459225	0.0903	-0.172525
667	YCR053W	-0.3067	-0.31225	-0.5551	-0.03535	-0.30395
668	YCR054C	1.137925	0.72315	0.790275	0.29885	0.111775
671	YCR059C	-0.12695	-0.74715	-0.647025	-0.842975	-1.1706
673	YCR061W	-0.632975	-0.489625	-0.852125	1.1938	0.276975
675	YCR064C	0.65655	1.1343	1.1794	-0.31025	-0.4984
680	YCR069W	-0.574966667	-0.807075	-1.27125	0.40445	0.548525
682	YCR072C	2.078775	2.971125	2.824775	-1.003375	-0.052633333
686	YCR075C	-0.72425	-1.420525	-1.157	0.63155	-0.170525
696	YCR087W	0.467325	0.467275	0.983375	-1.58385	-1.18945
697	YCR088W	-0.603125	-1.092625	-1.82355	0.72475	0.885475
713	YCR103C	1.950725	3.241375	2.831425	-0.0839	-0.5672
715	YCR105W	0.514625	0.297275	0.5498	0.118975	-0.1833
716	YCR106W	-0.442025	-0.7238	-1.154675	0.225975	-0.05675
720	YCRX03C	1.398125	1.167275	0.412275	0.478225	-0.3078
721	YCRX04W	1.997125	1.58875	1.5203	-0.021125	-0.961175
733	YCRX17W	-0.530075	-0.649625	-1.643625	0.45475	0.3446
736	YCRX20C	0.727425	0.609425	0.3052	0.2356	-0.049066667
737	YCRX21C	0.636975	1.1662	1.069225	0.126275	-0.094375
739	YDL002C	0.9682	1.281975	1.165725	0.40665	0.316125
740	YDL003W	-1.547475	-0.9094	-1.064825	0.2377	-0.703
741	YDL004W	-0.745525	-1.0352	-1.2156	-0.170475	1.250525
743	YDL006W	0.42465	0.7833	0.64365	0.0652	-0.310125
744	YDL007W	0.37575	0.61285	0.712625	0.361675	-0.4593
750	YDL013W	1.06615	1.062175	0.966475	-0.61145	0.4714
755	YDL018C	-1.065225	-1.54105	-2.934775	1.082	0.869775
757	YDL020C	2.893975	2.935875	2.264366667	-0.604625	0.71465
758	YDL021W	-2.226125	-2.312875	-2.721175	1.17475	2.028166667
759	YDL022W	-0.758	-1.210275	-3.4612	0.4133	1.1096
760	YDL023C	-0.2437	-1.305275	-1.409775	0.19535	0.51445
766	YDL029W	-0.791625	-1.621575	-2.033775	1.607275	0.499975
768	YDL031W	1.156275	2.713675	1.996	-0.881925	0.005675
778	YDL041W	1.729975	1.007866667	0.82545	-0.84355	-0.762425
779	YDL042C	1.581725	0.8434	1.153325	-0.72495	-0.777475
784	YDL047W	1.2494	0.937225	0.528075	-0.326775	-0.4641
786	YDL049C	3.80825	3.9224	2.99345	0.3421	0.339766667
787	YDL050C	0.478	0.763675	1.259675	-1.057925	-1.19615
788	YDL051W	1.034325	0.968325	1.1513	-1.4398	-0.9838
798	YDL061C	-1.03555	-1.3128	-1.28115	-0.321675	0.2502
799	YDL062W	0.548	1.16165	0.94165	-2.386966667	-0.87635
815	YDL078C	-0.83575	-0.549675	-0.651925	1.647275	0.970225
819	YDL082W	0.4168	-0.8573	-0.553425	-0.12715	-0.6786
820	YDL083C	-0.942125	-1.032	-1.515975	0.36455	-0.281925
824	YDL087C	0.820725	0.42955	0.9099	0.03805	-0.3664
825	YDL088C	0.88145	0.85625	0.9498	-0.146425	-0.058975
831	YDL094C	-0.3445	-0.69955	-0.930275	0.27115	0.161275
837	YDL100C	-0.770525	-0.986525	-0.99995	0.657	-1.1703
840	YDL103C	-0.4107	-0.527825	-0.72175	1.06415	0.5022
841	YDL104C	-0.512475	-0.76285	-0.938225	0.6443	0.592025
842	YDL105W	-1.185875	-0.85025	-0.3634	0.314375	-0.445575
848	YDL111C	1.984625	1.10285	0.706575	-1.3918	-1.22175
852	YDL115C	-0.903475	-1.085125	-0.715375	-0.4332	-0.655275
855	YDL118W	0.6447	0.50335	-0.451275	0.664775	0.38915
861	YDL124W	-0.94595	-1.872025	-1.603175	3.689525	1.586075
864	YDL127W	-0.84885	-0.84245	-1.038775	0.8246	-0.9217
865	YDL128W	1.140525	0.818875	1.082775	1.6142	1.6852
866	YDL129W	2.30985	2.369525	2.805275	-0.7588	-0.8434
867	YDL130W	-0.297875	-0.83395	-1.10995	-0.6081	-0.00895
870	YDL133C-A	0.7168	0.95235	0.92975	0.1872	0.420525
872	YDL134C	1.846175	1.940375	1.51385	0.2876	0.0324
885	YDL147W	1.0364	1.182425	2.061825	-0.057325	-0.77
886	YDL148C	0.5027	1.596825	1.047	0.28315	0.861425
888	YDL150W	2.0964	2.223925	1.9805	-0.7582	-0.9232
889	YDL151C	2.00045	2.605175	2.261775	-0.664425	-0.170625
890	YDL152W	1.0999	1.4941	1.264	0.187975	-0.261033333
891	YDL153C	1.5428	2.0312	1.9928	-1.1991	0.530875
903	YDL165W	-0.4295	-0.4559	-1.1243	0.13905	0.007275
905	YDL167C	1.067575	1.48695	1.309875	-0.771775	-0.225025
907	YDL169C	1.17665	0.254775	0.67985	0.799025	1.076375
910	YDL172C	-0.639	-0.9939	-0.916125	-0.7136	-0.177875
911	YDL173W	-0.308725	-0.723075	-0.8782	-0.77965	-0.43425
913	YDL175C	1.37645	0.8323	0.511525	0.25155	0.119975
917	YDL179W	-0.09675	-0.60435	-1.61605	0.378725	-1.183325
926	YDL188C	0.619325	0.55875	0.603875	0.65945	0.1154
939	YDL201W	1.173225	1.64835	1.67315	-1.02765	-0.4162
942	YDL204W	0.4813	0.5048	-0.02565	2.931125	1.947275
943	YDL205C	1.6589	1.548225	2.0448	-0.298475	-0.35985
946	YDL208W	0.9698	1.030125	1.70075	-1.617525	-0.07695
949	YDL211C	2.1659	1.115225	1.515725	-0.0994	-0.0968
951	YDL213C	1.413625	1.15445	1.569675	-1.946375	-1.1037
955	YDL217C	1.66025	1.164775	1.626925	-0.2422	-0.96995
959	YDL221W	-1.634675	-0.9735	-1.281025	0.8272	-0.192375
960	YDL222C	0.2085	0.12405	0.2715	2.4675	1.737525
962	YDL224C	0.091325	1.1085	0.489175	0.661275	1.110525
963	YDL225W	0.769525	0.47565	1.0265	0.025625	0.63965
964	YDL226C	-0.9692	-0.93885	-1.316325	-0.0489	-0.663175
975	YDL237W	-0.87775	-0.390025	-0.94405	1.0606	0.8595
976	YDL238C	-0.595025	-0.657025	-0.758433333	1.45685	0.8165
986	YDL248W	-0.6023	-0.539825	-0.60785	1.520875	0.41685
991	YDR005C	0.349125	0.002375	0.513633333	0.7402	1.095125
997	YDR011W	-0.183175	-0.838475	-0.994925	-0.62895	-0.0328
998	YDR012W	-1.330675	-1.276525	-2.560125	-0.434925	-0.743025
999	YDR013W	0.64915	0.33235	1.07315	0.30425	0.4071
1003	YDR017C	1.86995	2.409833333	1.046525	-1.909	0.095733333
1005	YDR019C	-0.88785	-1.146975	-1.929375	0.731325	3.051175
1007	YDR021W	2.05895	1.3646	2.275425	-1.157575	-0.59075
1008	YDR022C	-0.787575	-0.85835	-0.6714	0.0262	0.81695
1018	YDR032C	-0.3872	-0.97035	-1.43695	1.80115	1.609375
1019	YDR033W	-1.78045	-2.7478	-1.933925	0.189725	0.225775
1021	YDR035W	0.194775	1.72195	2.5032	0.70845	0.556275
1028	YDR042C	2.061075	2.07595	3.34055	2.318425	0.640375
1030	YDR044W	1.6715	2.412425	2.205725	-1.069075	-1.10475
1032	YDR046C	1.1033	2.14595	1.629125	0.240325	0.125925
1041	YDR055W	-0.392475	-3.293575	-1.32175	0.5934	0.932775
1043	YDR057W	0.677625	1.395325	1.041	0.1039	0.139975
1046	YDR060W	1.031675	1.863275	1.3957	-1.03305	0.441425
1049	YDR063W	-0.488225	-0.93485	-1.48595	1.265175	0.61605
1051	YDR065W	-1.196775	-1.0499	-1.6033	0.17995	0.05565
1052	YDR066C	-1.675525	-1.294475	-1.4084	-0.0783	0.051275
1054	YDR068W	-1.384025	-1.0271	-1.420625	0.442475	0.82695
1056	YDR070C	-0.6348	-0.6907	-0.6015	1.7206	2.109025
1061	YDR075W	1.6496	3.2706	3.05055	-0.3847	-0.5329
1067	YDR081C	0.1947	1.1214	2.10795	-0.3281	-0.820775
1070	YDR084C	-1.121925	-0.676525	-2.2626	0.82285	0.149
1073	YDR087C	1.50855	2.313375	1.9849	-1.288675	-0.9177
1084	YDR098C	-0.55615	-0.58935	-0.96515	-0.02145	-0.720425
1086	YDR100W	-0.701	-2.085725	-2.322725	1.322	-0.050925
1087	YDR101C	2.0278	3.214	3.04425	-0.810325	-0.310575
1091	YDR105C	-0.42905	-1.475375	-1.0709	0.535475	0.387725
1095	YDR109C	-0.216775	-0.340975	-0.7755	0.713625	0.92195
1097	YDR111C	1.353475	1.212725	1.5361	0.821775	-0.25825
1102	YDR116C	1.8923	1.9247	2.4007	0.283525	0.567175
1106	YDR120C	1.3913	1.7591	1.6765	-1.9342	-0.41185
1109	YDR123C	2.03625	1.853575	2.348475	0.0081	-0.5282
1111	YDR125C	1.28275	0.31295	1.59275	3.07585	1.142325
1116	YDR130C	-1.51685	-1.64675	-1.02745	-1.3422	-0.9231
1123	YDR137W	-0.44375	-0.309325	-0.1505	1.66365	1.44915
1126	YDR140W	-1.309975	-2.474425	-2.020525	0.133775	-0.782275
1127	YDR141C	-0.684375	-0.78205	-0.835475	0.4315	0.3882
1129	YDR143C	1.532325	1.45485	1.106675	-0.3388	0.2427
1137	YDR151C	1.7663	2.4556	2.65055	-0.19	-0.45465
1142	YDR156W	1.7261	1.163525	1.608575	-1.014875	-0.752575
1143	YDR157W	1.2591	1.23215	1.8315	-1.370975	-1.343425
1147	YDR161W	0.9403	1.223425	1.602525	-1.663275	-1.023925
1151	YDR165W	0.890875	0.7459	0.7702	-1.3282	-1.509625
1157	YDR171W	-2.395875	-2.863425	-2.688675	1.57745	1.601025
1160	YDR174W	1.1988	1.15285	1.901175	1.1324	-2.508125
1161	YDR175C	1.624625	0.807925	0.883425	0.069	2.1385
1163	YDR177W	0.865975	0.85665	1.26265	-0.26045	-0.663575
1171	YDR184C	2.3585	2.38935	2.505225	-0.927775	-1.28155
1175	YDR188W	0.5637	1.247025	1.182375	0.055925	-0.586675
1177	YDR190C	0.43315	1.115525	1.187475	0.015575	-0.139875
1179	YDR192C	-0.844475	-0.450225	-0.848325	0.2804	-0.1401
1181	YDR194C	2.011375	2.630775	2.57665	-0.624025	0.840125
1182	YDR195W	2.212375	2.175375	1.66645	-0.175075	-0.82865
1188	YDR201W	-1.136425	-1.47515	-1.458725	-0.3293	0.020325
1191	YDR204W	-1.33535	-1.52315	-1.91085	0.938475	0.48755
1196	YDR209C	-1.8324	-1.752775	-1.5611	-0.076425	-0.1085
1197	YDR210W	-2.312125	-2.287675	-2.3673	-0.394775	-0.20225
1200	YDR213W	-1.3534	-1.783725	-2.060625	-0.276225	-0.850925
1201	YDR214W	-1.668875	-2.665575	-3.457075	-0.827125	-1.9742
1209	YDR222W	-2.367275	-1.711725	-0.635025	0.50655	1.976475
1211	YDR224C	0.77	0.976425	1.022775	-1.92085	0.41265
1218	YDR231C	-0.4808	-1.2184	-1.45755	0.75295	0.240225
1241	YDR254W	-1.202875	-0.8276	-1.12285	0.153875	0.11235
1242	YDR255C	-1.33985	-1.33885	-1.113475	0.0918	0.454975
1243	YDR256C	0.697	0.932125	1.11735	0.248675	-0.199025
1247	YDR260C	0.20825	0.38245	0.41045	-0.155175	-1.4475
1254	YDR267C	0.26025	0.596225	0.5578	-0.16195	-0.608725
1259	YDR272W	-0.473425	-1.2433	-1.7315	1.00055	0.9261
1261	YDR274C	3.060775	3.177975	2.3204	-3.32595	-4.34355
1262	YDR275W	2.508375	2.844525	2.072725	-1.5113	-1.54815
1264	YDR277C	5.264333333	2.716566667	0.280866667	0.4924	0.990833333
1265	YDR278C	1.7375	2.5265	1.794725	-1.89625	-2.90735
1267	YDR280W	2.06805	1.208	0.9541	-1.011375	-1.3051
1269	YDR282C	-0.424325	-0.709825	-0.428575	0.664525	0.554825
1274	YDR287W	-0.987225	-1.10125	-0.979075	0.016825	0.599475
1284	YDR297W	1.2429	1.6192	0.2061	-1.54175	-0.633225
1286	YDR299W	2.410325	2.581	1.949525	-1.535225	-0.83155
1287	YDR300C	0.547725	0.6468	0.6911	-1.4502	-0.561475
1290	YDR303C	1.411225	1.55835	1.229875	-0.738525	-0.32235
1291	YDR304C	-1.004775	-1.40135	-1.731675	0.519375	0.613375
1298	YDR311W	1.000375	0.871375	0.80655	-0.596775	0.735275
1299	YDR312W	2.5238	2.763025	2.538125	-1.71135	-0.725225
1300	YDR313C	0.664925	0.99375	1.078375	-0.001675	0.69965
1308	YDR321W	-0.59935	-0.51845	-0.3173	-0.50615	-1.22205
1309	YDR322W	0.9166	0.967425	0.864175	-0.276625	0.493625
1310	YDR323C	-0.6287	0.086066667	0.1498	0.520533333	0.632933333
1317	YDR330W	-0.44135	-0.8582	-0.448175	0.0703	0.533475
1319	YDR332W	1.371475	1.227	1.496275	-0.473075	0.082
1322	YDR335W	-0.135125	-0.186875	0.19805	0.438225	0.7169
1326	YDR339C	0.5657	1.8006	1.351625	-1.199375	1.42755
1329	YDR342C	4.6061	3.15545	-0.016475	0.147075	1.90515
1330	YDR343C	2.8918	3.135175	0.52235	0.2032	1.1851
1331	YDR344C	1.805	0.9137	0.560925	0.08245	-0.4984
1332	YDR345C	3.030575	3.40325	0.7611	-2.368125	0.6558
1333	YDR346C	2.20645	2.97975	2.95365	-1.24535	-0.71645
1342	YDR355C	-0.9135	-0.289375	-0.798533333	-2.545125	-2.43405
1345	YDR358W	-0.369275	-0.547625	-0.85925	1.13355	1.16495
1348	YDR361C	1.97715	2.18635	2.3055	-1.733225	-1.037275
1351	YDR364C	0.8131	0.915325	0.913775	-0.41785	-0.700425
1352	YDR365C	1.327125	2.50065	1.8338	-1.822475	-1.142675
1354	YDR367W	-0.72965	-0.9758	-1.302625	0.04245	0.07955
1355	YDR368W	-1.485325	-1.74715	-1.906275	1.272425	0.792775
1357	YDR370C	1.704125	1.794575	1.861075	-0.199125	-0.419825
1358	YDR371W	1.0219	1.229925	0.756025	0.57885	0.202375
1366	YDR379W	-0.397675	-0.66365	-0.615725	0.39885	0.325075
1367	YDR380W	-0.8713	-1.1577	-1.040675	-0.276475	-0.16205
1375	YDR388W	-0.706525	-1.357125	-1.1611	0.93145	0.313325
1378	YDR391C	-0.335825	0.218025	-0.153575	2.603925	1.985525
1381	YDR394W	0.867125	1.029075	1.182775	0.10215	-1.197925
1383	YDR396W	0.253875	-0.497525	-1.035375	-0.856775	0.0963
1385	YDR398W	2.642075	2.881975	1.4465	-0.15465	-1.049725
1386	YDR399W	2.1201	1.8982	1.256575	-0.6937	0.49475
1392	YDR405W	2.06485	1.57635	0.9654	-0.126775	0.04055
1399	YDR412W	1.763725	1.195375	2.763975	-1.498375	-0.61555
1400	YDR413C	2.07755	2.02585	2.338375	-1.530975	-0.731075
1404	YDR417C	-0.997325	-1.247225	-1.19585	-0.6911	-0.056
1410	YDR423C	-1.183575	-1.3036	-1.217	0.711225	0.37095
1416	YDR429C	0.897625	1.29885	1.042675	-0.5549	-0.9957
1429	YDR442W	-0.5977	-0.443825	-1.294025	0.421025	0.295275
1436	YDR449C	1.761725	2.391925	1.390325	-1.005475	-1.114325
1439	YDR452W	-0.5924	-0.462325	-0.6889	1.34755	1.536375
1440	YDR453C	-1.0227	-1.65	-1.664275	0.056375	-0.1872
1441	YDR454C	-0.95735	-1.14595	-1.0578	-0.800625	-0.067375
1451	YDR464W	0.6221	0.54505	0.864975	-0.27035	-0.034775
1452	YDR465C	1.541625	2.00375	1.699625	-0.434525	-0.439075
1453	YDR466W	1.26205	1.340375	0.6362	-0.106625	-0.07645
1455	YDR468C	-0.7255	-1.02285	-1.24055	0.1513	0.39185
1457	YDR470C	-1.11585	-1.21615	-1.230475	0.046975	-0.025
1464	YDR478W	-0.544575	-0.6066	-0.4604	-0.47505	0.16205
1466	YDR480W	-1.15165	-1.05115	-1.3137	-0.18295	-0.698975
1467	YDR481C	0.369675	0.80085	1.2365	0.59025	0.528675
1476	YDR490C	0.93825	0.740925	0.308525	0.102125	0.279975
1478	YDR492W	6.93125	5.54645	5.45315	-6.1312	-6.325425
1480	YDR494W	1.103525	1.045225	1.3919	0.191575	0.5053
1482	YDR496C	2.804975	3.263775	2.317975	-1.399225	-0.0878
1483	YDR497C	1.350375	2.017	2.692	0.22105	1.8467
1485	YDR499W	0.615375	0.912225	1.35605	0.125025	-0.075225
1486	YDR500C	-0.451675	-0.95025	-1.118175	-0.507125	-0.43905
1488	YDR502C	-0.338975	0.886375	2.079975	-1.8156	0.052025
1489	YDR503C	-1.00485	-0.965875	-0.709125	1.16105	-0.083125
1495	YDR509W	1.0469	1.49275	1.0762	-0.967825	-0.665375
1496	YDR510W	-0.437525	-0.976375	-1.072775	-0.098075	0.334075
1497	YDR511W	-0.64575	-1.40745	-0.957875	0.079975	0.164975
1499	YDR513W	-1.172175	-0.88635	-0.992075	0.814475	0.476025
1500	YDR514C	0.88305	1.297975	1.580525	-0.27035	-0.516575
1502	YDR516C	0.008175	-0.622575	-1.41745	2.969025	1.572475
1503	YDR517W	-1.172675	-0.48375	-1.673825	0.193625	-0.906
1505	YDR519W	-0.9446	-0.5935	-1.26615	0.927575	0.427975
1512	YDR526C	1.106725	1.0219	0.954075	-0.489525	-0.2978
1513	YDR527W	1.47465	1.542875	1.21345	-0.7764	-0.930425
1515	YDR529C	-0.97355	-0.637825	-0.785425	0.051675	1.375825
1519	YDR533C	-0.103975	-1.49835	-1.49715	2.09	0.482525
1524	YDR538W	-0.326	-0.7681	-1.139075	0.49255	0.147225
1527	YDR541C	-0.756125	-0.754275	-0.543725	-0.07705	-0.586975
1536	YEL005C	-0.778225	-0.720475	-0.644925	0.101825	0.0383
1538	YEL007W	-3.53535	-2.1359	-2.3571	0.755175	1.2364
1542	YEL011W	-0.423825	-0.60415	-0.605	0.5932	0.226575
1547	YEL016C	-1.3244	-0.596625	-1.1287	0.11415	-0.0493
1550	YEL018W	0.48365	0.390475	0.418525	-0.7218	-1.1667
1552	YEL020C	0.401725	0.512375	0.79505	-0.8211	-0.817225
1556	YEL024W	-0.36415	-0.205775	-0.73695	0.880025	1.9815
1557	YEL025C	0.48725	0.28795	0.42695	-0.7546	-0.266625
1558	YEL026W	0.734875	0.94225	1.0467	-0.9948	-1.3114
1569	YEL037C	0.1575	0.0475	-0.057175	-0.5212	-1.236625
1571	YEL039C	0.385775	-0.4769	-0.4526	1.6748	1.745175
1572	YEL040W	0.042925	1.503625	1.817625	1.0137	1.256675
1578	YEL046C	2.297925	3.0056	3.0895	-0.688625	-1.181875
1579	YEL047C	-0.2818	-0.01935	-0.480775	0.5749	-1.1978
1582	YEL050C	0.790275	0.463775	0.74015	0.265875	0.365225
1589	YEL057C	0.576825	0.874025	0.97515	-0.269275	0.0643
1593	YEL060C	0.3004	1.333875	1.74175	0.4587	2.177625
1596	YEL063C	1.382175	1.9208	1.1404	0.23545	0.58915
1599	YEL066W	-0.77795	-1.18295	-1.283225	-0.518775	0.27455
1603	YEL070W	-0.33445	-0.48295	-0.895675	-0.51295	-0.727225
1604	YEL071W	-1.03785	-0.328325	0.324625	-0.18985	-1.875425
1614	YER002W	1.089375	1.09165	0.81125	-1.150725	0.23385
1615	YER003C	-0.639525	-0.9291	-0.9204	0.325775	0.860875
1618	YER006W	0.9457	2.40455	2.717375	-2.51285	0.512425
1619	YER007C-A	-0.771975	-0.505225	-0.374825	-0.555675	-0.538025
1621	YER008C	-0.14365	-0.350075	-0.394425	0.014775	-0.285925
1624	YER011W	0.57875	0.778125	1.747675	1.93145	-0.43525
1629	YER016W	-1.097233333	-0.9649	-1.243866667	0.1666	-0.2539
1635	YER021W	0.2086	0.3939	0.583875	-0.309275	-1.0389
1650	YER036C	2.112425	1.868675	2.26005	-0.7385	-0.071375
1657	YER043C	0.8409	1.798	2.01095	0.269575	-0.307725
1658	YER044C	0.237225	0.55185	0.710725	0.587475	0.49645
1668	YER053C	-1.838875	-1.43075	-1.720775	1.2513	3.631175
1669	YER054C	-0.4555	-0.197425	-0.5087	0.476925	0.336575
1671	YER056C	2.5022	1.837575	0.254125	-0.815925	-0.32845
1672	YER056C-A	-1.103075	-1.421075	-1.200025	-0.4257	-0.7512
1673	YER057C	-0.50335	-0.750575	-1.2705	0.7152	1.09055
1675	YER059W	-0.887833333	-0.531275	-1.08735	-0.273725	-0.634325
1678	YER061C	-0.66295	-0.6718	-0.975175	-0.292025	0.276225
1682	YER065C	0.687375	0.283	0.3745	-0.0698	-0.460625
1692	YER074W	0.2472	-0.8869	-1.139025	-0.68135	-1.148475
1697	YER079W	-0.728	-0.720366667	-0.7924	0.247	0.783933333
1700	YER082C	2.110925	1.512975	1.9514	-1.1236	-0.901625
1701	YER083C	-0.761125	-1.419325	-1.167425	0.249575	-0.031475
1703	YER085C	-0.932225	-1.151625	-1.347975	0.681725	0.122025
1704	YER086W	0.874133333	0.860333333	1.131766667	0.312	0.6056
1713	YER093C-A	3.56125	1.4868	0.01295	-0.38275	0.546975
1727	YER107C	1.056	1.211875	1.0593	-0.24665	-0.304825
1738	YER119C	-0.736325	-0.95125	-1.260575	0.924575	0.4619
1745	YER125W	1.130775	1.382325	1.95405	0.0248	0.14675
1746	YER126C	2.4445	2.826875	3.119625	-0.603275	0.12385
1748	YER128W	-0.78715	-1.0241	-0.59465	0.260475	-0.020575
1750	YER130C	-1.333925	-1.2647	-0.5501	-0.3299	0.66625
1751	YER131W	-0.72455	-1.077875	-1.3211	-0.2224	0.045925
1757	YER137C	-0.5506	-0.66115	-0.75405	-0.793225	-0.88765
1765	YER145C	-0.21305	-0.631125	-0.821225	-1.440875	-2.283125
1767	YER147C	1.36015	1.127675	1.14155	0.25875	-0.460075
1770	YER150W	-1.356925	-0.659575	-0.0982	2.774275	2.40745
1772	YER152C	-0.687375	-0.537275	-1.20025	-0.202675	-0.481825
1776	YER156C	1.516425	1.618925	1.9593	-0.7929	-0.4971
1783	YER163C	-0.976925	-1.4507	-1.757725	0.38245	-0.24455
1784	YER164W	-0.133675	-0.225325	-0.7864	0.735575	1.213925
1788	YER168C	1.2953	1.3538	1.5078	0.34655	-0.139625
1789	YER169W	1.479025	1.963575	1.183725	0.784675	1.063675
1791	YER171W	0.3125	1.2395	1.1704	0.3083	0.2125
1793	YER173W	0.08395	0.10395	0.4168	0.690525	1.028425
1795	YER175C	0.039575	0.86915	1.578275	0.3832	0.554466667
1797	YER177W	-0.8012	-1.0276	-1.62285	0.994625	0.126875
1813	YFL001W	0.522475	0.668175	0.792525	-0.832175	-0.636475
1814	YFL002C	1.398675	1.5669	1.117625	-0.66085	-0.54935
1815	YFL003C	0.5151	0.21745	1.055575	-0.3412	-0.175925
1819	YFL008W	-0.5124	-0.5731	-0.545575	-0.9348	-0.702775
1821	YFL010C	-1.21605	-0.771075	-1.081475	0.654375	-0.9935
1822	YFL010W-A	-0.871025	-1.36325	-1.334525	0.470375	-0.3422
1823	YFL011W	4.3766	1.969575	-0.021925	-0.234575	0.798875
1824	YFL012W	0.26275	-0.084825	-0.21145	1.36395	1.545225
1825	YFL012W-A	-1.0612	-1.0423	-0.888925	6.145825	6.853775
1826	YFL013C	1.4147	1.364825	1.033125	0.270275	0.25195
1827	YFL014W	-1.7096	-1.882325	-2.1372	9.78005	11.489225
1830	YFL017C	-0.8821	-1.774675	-1.992375	0.095425	0.370675
1836	YFL022C	-0.4357	-0.403875	-0.53575	0.0851	-0.2391
1841	YFL027C	0.95135	1.26875	0.4998	0.33495	0.224775
1842	YFL028C	0.19865	0.449275	1.00345	1.168125	0.362325
1843	YFL029C	-0.1504	-0.096175	-0.57475	2.678675	2.1252
1848	YFL034C-A	-0.939025	-1.16395	-2.0492	-0.915025	0.39185
1858	YFL044C	-0.889525	-1.065375	-1.325375	0.16125	-0.5
1864	YFL050C	-0.38015	-0.1983	-0.7197	1.7564	2.2952
1865	YFL051C	1.331125	0.728475	-0.435	2.27995	2.82325
1868	YFL054C	-0.122325	-0.23945	-0.584125	0.376825	0.43415
1869	YFL055W	0.93445	1.1257	0.772325	0.4909	0.483625
1870	YFL056C	0.67735	0.2877	1.1424	-0.1213	-0.02085
1872	YFL058W	-0.02715	-0.0145	0.02475	1.2303	1.193775
1873	YFL059W	-0.51475	-0.474975	-0.498675	1.63565	2.43505
1874	YFL060C	0.074725	-0.9688	-0.957475	0.02285	0.144725
1876	YFL062W	0.389125	-1.039825	-0.78665	1.785775	0.448625
1882	YFL068W	-0.130375	-0.347175	-0.276825	1.529275	-0.6061
1884	YFR002W	-0.19295	0.198775	0.489575	0.7874	0.98965
1895	YFR013W	-0.1183	0.44565	0.0331	1.659575	1.898875
1906	YFR024C-A	-0.743025	-1.27475	-1.471775	0.16285	-0.64545
1907	YFR025C	-1.196075	-1.1903	-1.309025	0.21605	-0.360825
1908	YFR026C	0.305825	-0.5229	-0.3679	-0.608075	-1.71525
1915	YFR032C	3.3361	1.671425	1.791625	-0.25835	-0.51145
1918	YFR035C	-0.854	-1.014125	-1.40675	0.723925	1.328725
1922	YFR039C	-1.143175	-1.073875	-0.985375	-0.268375	-0.1935
1924	YFR041C	-0.93845	-1.0586	-1.42725	0.21735	0.63925
1930	YFR047C	-0.669	-1.0538	-1.5627	0.072925	0.29075
1931	YFR048W	1.6189	1.93615	1.1605	0.0825	0.2541
1932	YFR049W	-0.45055	-0.8838	-0.98765	0.989675	0.0881
1933	YFR050C	-0.06835	-0.32135	0.063675	0.438325	-1.228675
1936	YFR053C	0.334725	0.1461	-0.694775	2.6763	0.7293
1938	YFR055W	1.0815	1.43105	0.863675	-0.479275	-0.830425
1943	YGL003C	0.9194	1.25125	1.230566667	-0.551025	-0.4968
1945	YGL005C	-0.92505	-1.233075	-1.188325	0.08965	-0.0034
1950	YGL010W	1.892925	0.778225	1.13945	-0.264725	-0.636075
1951	YGL011C	0.0447	-0.153175	0.35625	0.133425	-1.556325
1952	YGL012W	-0.5252	-0.887175	-1.6553	0.293725	1.069675
1958	YGL018C	-0.92225	-1.8797	-0.5258	0.016225	-0.491675
1965	YGL025C	-0.853625	-0.944925	-0.59165	-0.384775	-0.3232
1968	YGL028C	-0.006025	-0.5299	-1.85055	-0.53935	-0.584975
1969	YGL029W	2.500875	3.27655	3.888475	-0.856975	-0.36215
1973	YGL033W	1.9214	0.8786	0.706675	-0.35705	-0.346525
1975	YGL035C	1.950875	-0.403325	-1.728225	0.00075	-0.711375
1977	YGL037C	-1.340775	-2.168125	-3.578625	4.818775	3.388225
1979	YGL039W	0.230425	0.5046	1.180575	-1.406475	-2.645275
1983	YGL043W	-0.4589	-0.732	-0.48865	-0.31775	-0.30905
1984	YGL044C	2.036925	2.30465	1.974375	0.101425	-0.130025
1986	YGL047W	-1.01055	-1.4496	-2.082675	1.339475	-0.442225
1990	YGL051W	-0.4899	-0.946925	-0.809325	0.4147	0.280275
1994	YGL055W	4.74735	6.676225	6.450425	-12.07765	-11.803475
1995	YGL056C	3.649475	2.4838	1.597	-0.7723	-0.3189
1997	YGL058W	0.849975	0.552675	0.968	-0.385925	-0.2219
2000	YGL061C	-1.664175	-1.864725	-2.2336	0.34105	0.629575
2001	YGL062W	-0.06725	-0.02355	0.0877	1.10535	1.3459
2003	YGL064C	1.2732	1.0038	0.555475	-0.771175	0.146475
2009	YGL070C	0.592225	1.03655	1.038925	-0.242075	0.2152
2012	YGL073W	-1.00585	-0.483375	-0.945125	-0.313725	0.09015
2015	YGL076C	-0.682725	-1.01475	-1.370975	-0.811875	-0.55025
2016	YGL077C	0.785625	2.549225	4.6912	-0.46815	0.26555
2017	YGL078C	1.3193	2.330575	2.2481	-1.1167	-0.174175
2020	YGL081W	1.2612	0.861766667	0.45185	0.15	0.202875
2026	YGL087C	-0.675125	-1.45015	-1.298325	0.310825	0.61895
2029	YGL090W	-0.097925	0.822075	0.08855	0.62185	-0.318925
2038	YGL099W	1.129475	0.687925	2.412625	-0.514825	-0.810425
2046	YGL107C	1.57805	1.2766	1.387275	-0.098025	-0.149025
2047	YGL108C	-1.647225	-1.384175	-1.685225	-0.412975	-0.074175
2048	YGL109W	-1.5046	-0.753125	-1.333	0.0037	-0.439425
2050	YGL111W	1.239425	1.16945	1.4803	-1.62335	-1.29935
2059	YGL120C	2.102675	3.10555	2.648075	-1.26005	0.102775
2061	YGL122C	1.478725	1.7269	2.0242	-0.31525	-0.849525
2072	YGL133W	-0.844225	-0.948875	-0.50525	0.451175	0.758
2073	YGL134W	-0.582825	-0.9576	-0.87605	0.3085	-0.390775
2075	YGL136C	-2.130433333	-1.7318	-1.883433333	-0.160566667	-0.386
2080	YGL141W	-0.248325	-0.547325	-0.57715	1.213125	2.13865
2082	YGL143C	-1.2398	-1.23755	-1.685775	0.423725	0.339875
2083	YGL144C	0.57365	1.037475	0.3826	-0.687525	-0.463525
2096	YGL157W	0.27785	-0.289925	-0.007525	1.086725	1.147325
2097	YGL158W	1.44135	0.83555	0.495675	0.4987	-0.0534
2100	YGL161C	-0.098525	-0.25255	-1.049575	1.4953	0.3609
2101	YGL162W	1.888125	1.229375	-0.420625	-1.19655	-1.610625
2108	YGL169W	1.791	0.363575	1.2935	-0.952675	-0.543375
2109	YGL170C	2.818125	2.936925	2.3625	-1.6922	-1.729425
2110	YGL171W	1.2683	1.83785	1.6438	-1.4983	-0.2418
2113	YGL174W	-1.07775	-0.9287	-0.937175	0.2015	-0.470475
2115	YGL176C	1.3665	1.94215	1.4239	-0.064575	-0.0036
2118	YGL179C	0.709525	0.779875	1.375025	0.4337	1.204375
2124	YGL185C	-0.932125	-1.3606	-1.617325	0.074	0.130375
2129	YGL190C	1.949175	2.111	1.312125	0.36535	0.651225
2136	YGL197W	-0.69915	-0.7594	-0.734075	-0.683325	-0.365075
2137	YGL198W	-0.756725	-1.409625	-1.4272	-0.01935	-0.07165
2145	YGL206C	-0.13195	-0.217375	-0.1957	0.841625	1.8829
2147	YGL208W	-0.91335	-2.036425	-1.67845	0.92795	0.798275
2148	YGL209W	6.067675	1.0086	-2.08205	-0.675175	0.483325
2150	YGL211W	1.31945	1.07075	1.6301	-0.6099	-0.490175
2160	YGL221C	-0.95365	-1.42145	-1.8906	-0.1866	-0.861675
2168	YGL229C	-1.39595	-1.5154	-1.58885	1.6367	1.020825
2170	YGL231C	-0.70545	-0.16325	0.60445	0.800125	0.455575
2175	YGL236C	1.591675	1.541925	0.815675	-0.1172	0.041175
2181	YGL242C	-1.323075	-1.376375	-2.3065	1.3224	0.6792
2182	YGL243W	-0.639875	-0.557175	-0.178725	0.744875	0.087175
2185	YGL246C	1.74845	1.72485	2.45585	-0.5698	-0.612375
2190	YGL251C	-0.938175	-0.776	-1.27745	0.127925	0.101775
2194	YGL255W	1.771125	1.087125	1.2405	0.110875	-0.5998
2195	YGL256W	0.466425	1.26565	1.328575	-0.2202	-0.772775
2202	YGL263W	-0.74585	-0.285	-0.448575	0.335575	-0.2788
2203	YGR001C	-1.470925	-1.491475	-1.08035	0.026625	-0.54105
2210	YGR008C	-0.3597	-0.25375	-0.502425	5.29735	2.14
2214	YGR012W	-0.50585	-0.423925	-0.811425	0.232575	0.043675
2221	YGR019W	-0.98485	-0.54755	-1.35685	2.108275	2.00345
2238	YGR036C	3.803175	1.86935	2.04715	-0.7359	-1.397625
2239	YGR037C	0.0632	0.691375	0.821125	-0.76335	-1.85565
2240	YGR038W	-0.7129	-0.5904	-1.571025	0.275525	-0.603475
2242	YGR040W	1.0659	1.126	0.98185	-0.24945	0.115425
2245	YGR043C	-0.672575	-0.29025	-0.336175	1.6228	2.38
2246	YGR044C	-0.7314	-0.84475	-0.970425	0.363175	-0.436625
2248	YGR046W	2.642625	1.848825	2.3303	-0.17415	0.152
2250	YGR048W	1.7768	1.564475	2.39465	-0.22735	-1.3858
2252	YGR050C	0.144025	0.3344	0.61135	-1.533666667	-1.68675
2260	YGR058W	-0.19365	-0.05725	-0.084525	-0.127275	2.8697
2263	YGR061C	-0.659075	-0.135175	-0.842175	6.133675	6.72655
2267	YGR065C	0.5888	1.381775	3.1498	0.5385	1.128275
2274	YGR072W	0.5091	0.625025	1.232425	-0.351975	0.030725
2282	YGR080W	-1.00835	-1.516675	-2.03705	0.63255	-0.1271
2286	YGR084C	1.68425	0.9055	1.053475	-0.432	-0.0204
2288	YGR086C	-0.614275	-0.8149	-1.233475	2.775225	0.97645
2290	YGR088W	-1.001275	-1.0455	-1.4226	5.943825	5.835475
2295	YGR093W	1.20985	1.336825	1.497625	-0.530175	-0.5498
2297	YGR095C	1.33195	1.50685	1.59135	-0.3116	-0.97445
2303	YGR101W	0.993175	0.775025	0.74075	-0.2623	-0.765766667
2305	YGR103W	1.8679	2.4578	2.846825	-1.756075	-0.459375
2310	YGR108W	2.4273	1.63305	2.722275	-1.023025	-0.56895
2311	YGR109C	-1.4038	-0.94585	-0.153725	0.904075	-0.444525
2312	YGR110W	-0.684025	-1.222425	-0.990325	0.281775	0.7479
2313	YGR111W	-1.8848	-1.831875	-1.738475	0.89665	0.710475
2325	YGR123C	0.50615	1.018025	1.33355	-0.92285	-0.978
2333	YGR131W	2.00955	2.834425	4.212525	-0.197766667	0.41275
2335	YGR133W	-0.4232	-0.893675	-0.7311	-1.079825	-0.511
2338	YGR136W	-1.957275	-1.673525	-1.4206	-0.420875	0.679675
2343	YGR141W	-1.383675	-0.722725	-1.139425	0.4578	0.37955
2344	YGR142W	-4.695375	-3.372775	-1.504675	-1.403725	1.316275
2347	YGR145W	2.3302	3.0766	2.986175	-0.57985	-0.071575
2348	YGR146C	1.1761	0.621825	0.0237	-2.2236	-1.0278
2349	YGR147C	2.305625	2.368875	1.941425	-0.625225	-0.221025
2350	YGR148C	-0.92075	-1.0622	-1.37595	-0.44985	1.156925
2351	YGR149W	-0.994775	-0.971975	-0.99995	0.40085	1.196233333
2356	YGR154C	-0.17195	-0.7118	-0.734375	0.14035	0.0296
2357	YGR155W	0.98455	1.336025	1.665775	-0.202075	-1.267325
2360	YGR158C	0.60075	1.00755	0.848275	-0.50265	-1.399925
2361	YGR159C	3.8996	3.7238	3.962775	-2.156	0.0542
2362	YGR160W	3.71075	3.871075	4.032675	-1.635775	-1.38405
2363	YGR161C	4.032125	1.9456	1.225125	-1.080125	0.8348
2369	YGR167W	-1.45055	-1.308325	-1.387925	1.5175	1.302225
2374	YGR172C	-1.49345	-2.4326	-2.05595	0.215625	0.570725
2377	YGR175C	0.7352	1.044825	1.451525	-0.361725	1.11575
2379	YGR177C	1.576775	2.145975	3.644375	-1.1022	-0.18845
2381	YGR179C	-0.287075	-0.92315	-0.31105	-0.258725	-1.1026
2389	YGR187C	1.6835	1.598925	1.554825	-0.8038	0.0335
2396	YGR194C	-0.8895	-0.695075	-0.65765	0.793175	1.09905
2398	YGR196C	0.504675	0.93115	1.80935	0.18035	0.257325
2400	YGR198W	1.16065	1.99735	1.1683	0.09195	0.179375
2403	YGR201C	1.281175	1.233925	1.4036	-0.034025	0.271975
2405	YGR203W	-0.71835	-1.315025	-1.482675	0.0247	0.202075
2409	YGR207C	-0.929125	-1.116675	-1.09075	-0.3461	0.251375
2410	YGR208W	-1.10235	-1.475475	-1.24655	-0.0639	-0.45695
2413	YGR211W	1.053975	0.944575	1.24185	-1.20425	-0.521425
2416	YGR214W	-0.97515	-1.076425	-1.662675	-0.409125	-0.355375
2430	YGR228W	1.589275	1.35405	1.359525	-0.0934	0.05445
2431	YGR229C	1.536875	1.70565	1.0702	0.095125	0.527875
2436	YGR234W	0.144725	-0.83895	0.0323	-0.77025	-4.6267
2441	YGR239C	0.4887	0.096525	0.192075	-1.51605	-1.19505
2444	YGR242W	1.187066667	1.211133333	0.1538	-0.610433333	0.27335
2445	YGR243W	1.94515	0.619775	-0.1685	-0.01715	0.321425
2458	YGR256W	-0.595	-1.31465	-0.9743	0.23875	0.16315
2460	YGR258C	0.840775	1.110725	1.25745	-0.377225	-0.192475
2461	YGR259C	1.346225	1.290125	1.44995	-0.390275	-0.013825
2462	YGR260W	1.739975	1.318975	1.53485	-0.53545	-0.2263
2474	YGR272C	0.63585	1.61165	4.0739	-1.925925	1.516525
2479	YGR277C	-0.68635	-0.4422	-0.157875	0.46325	-0.6419
2482	YGR280C	2.59205	2.262125	1.9167	-2.19595	-1.1733
2485	YGR283C	2.044725	1.9129	1.34895	-1.1544	-1.113275
2486	YGR284C	-0.2103	-0.8812	-1.412225	0.226	0.130475
2488	YGR286C	3.105625	3.101525	4.4883	-1.99655	-2.6422
2494	YGR292W	1.743	1.248225	1.145125	0.803475	0.79615
2495	YGR293C	3.684575	1.956433333	1.8388	0.94235	-0.2147
2497	YGR295C	-0.926075	-1.000975	-0.839125	1.1953	1.085275
2499	YHL001W	-0.745975	-1.069525	-1.080825	-0.282175	-0.270375
2502	YHL004W	1.703225	1.70555	1.778275	0.0333	0.44625
2503	YHL005C	0.499075	0.453	-0.561675	-0.01625	-1.30415
2506	YHL008C	1.16645	0.97905	0.98265	0.246275	0.111275
2508	YHL010C	0.550775	0.57675	0.70495	0.82125	0.6784
2510	YHL012W	3.587275	3.9581	3.30925	-0.882325	0.003025
2511	YHL013C	1.48345	1.482675	0.52115	-0.3458	-0.13085
2519	YHL021C	-0.774775	-0.77605	-1.312025	1.563425	3.1717
2525	YHL027W	0.4764	0.7434	1.264475	-0.111025	1.055475
2527	YHL029C	1.212125	0.964	0.80935	-0.380825	-0.489025
2529	YHL031C	-1.1459	-1.8198	-1.8633	0.6922	-0.32975
2532	YHL034C	0.5589	0.1344	0.3183	3.431775	0.428725
2546	YHL048W	-1.789725	-1.04675	-0.986225	1.238725	1.244825
2549	YHR001W	-0.98705	-1.267475	-1.07045	0.26015	0.51555
2550	YHR001W-A	-1.0515	-0.367275	-0.60385	0.79675	1.920375
2551	YHR002W	1.292225	0.733475	0.8228	0.668325	0.407725
2553	YHR004C	2.599625	2.264175	2.529275	0.244375	0.067425
2557	YHR008C	-0.5779	-1.08675	-1.437475	0.7002	0.178125
2564	YHR015W	-0.2692	-0.20955	-0.1718	0.54335	1.518425
2565	YHR016C	-0.5892	-0.6949	-0.701975	1.40685	-0.123225
2571	YHR022C	-1.770625	-1.660625	-1.0598	0.648025	-0.3652
2574	YHR025W	-0.7159	-0.6888	-1.081325	-0.3871	-0.9684
2581	YHR032W	1.450825	1.969525	1.18755	0.2036	0.67825
2582	YHR033W	0.620875	0.8148	1.070825	1.483325	1.173
2585	YHR036W	1.67485	1.294925	1.49115	-0.327175	-0.3603
2586	YHR037W	0.52735	0.2632	0.2236	0.1115	1.55265
2594	YHR044C	-0.24335	-0.04085	-0.377875	0.172925	3.4905
2598	YHR048W	0.705775	1.117575	0.766425	-0.37485	-0.86815
2599	YHR049C-A	2.74425	2.4395	2.514425	1.047675	-1E-04
2600	YHR049W	2.7124	3.043075	3.493	1.396275	-0.167075
2602	YHR051W	-0.305525	0.074275	-0.198725	1.71285	1.902125
2603	YHR052W	2.802175	2.7949	3.527975	-1.17645	-0.21775
2612	YHR061C	1.4911	1.089875	0.80735	-0.5095	-0.537775
2617	YHR066W	1.97805	2.7153	0.934725	-2.316175	0.254275
2620	YHR069C	1.744625	2.675475	2.3359	-0.5332	0.08825
2621	YHR070W	4.33805	2.3728	2.18845	-0.952775	-2.09635
2633	YHR081W	1.802525	2.968375	3.438925	0.281925	0.27975
2637	YHR085W	2.4987	2.18665	2.071025	-1.181825	-1.622
2639	YHR087W	-0.949225	-2.1034	-0.91875	4.254175	2.755425
2640	YHR088W	1.91065	1.7773	1.960725	-1.1198	0.6659
2642	YHR090C	1.389475	0.874875	0.82745	-0.988	0.21865
2644	YHR092C	2.3112	4.236725	0.717925	-1.4133	0.257725
2646	YHR094C	4.488625	3.22015	-1.100525	-1.16465	0.0131
2648	YHR096C	3.030375	1.781625	-0.122775	0.346175	1.06665
2649	YHR097C	0.229725	1.126075	0.1135	0.485175	1.66075
2656	YHR104W	-1.744925	-2.0082	-2.859625	3.188475	2.456675
2662	YHR110W	-0.6911	-1.69515	-2.268325	0.8553	0.247625
2664	YHR112C	-1.3824	-1.7468	-2.48195	0.167825	-0.645025
2680	YHR128W	-0.415966667	-0.381075	0.256125	-1.047875	-1.03855
2681	YHR129C	-1.50865	-1.462825	-1.8097	0.0959	-0.854525
2688	YHR136C	0.26035	0.735725	2.027325	1.263225	0.140366667
2690	YHR138C	-0.152675	0.23345	1.362175	1.98495	1.061525
2700	YHR146W	-1.616375	-1.25035	-0.743225	-1.0276	-0.267875
2702	YHR148W	2.7641	3.08365	3.1516	-0.956175	-0.44665
2705	YHR151C	0.34525	0.97225	0.877075	0.01515	-0.60345
2708	YHR154W	-0.9288	-0.8672	-0.8572	-0.45605	-0.316575
2717	YHR163W	-1.2518	-1.488175	-1.68565	0.0997	-0.13245
2721	YHR167W	1.71215	1.614275	1.358175	-0.180325	-0.184725
2722	YHR168W	1.24545	1.061125	1.0627	0.1154	0.1487
2723	YHR169W	2.733575	2.792575	2.869175	-2.04125	-0.752275
2724	YHR170W	2.9536	3.193175	3.305425	-1.0661	-0.9812
2737	YHR183W	-1.210775	-1.04425	-1.479375	0.94685	0.99595
2749	YHR195W	1.18525	0.827525	0.9256	0.4566	0.208
2750	YHR196W	2.373175	2.180425	2.29455	-1.35235	-0.38545
2751	YHR197W	1.012475	2.298825	1.737875	-0.6483	-0.243
2754	YHR200W	-0.271775	-0.093825	-0.172875	0.330625	-1.2869
2760	YHR206W	1.17995	0.922425	1.33715	-0.68195	-0.216
2763	YHR209W	-0.709725	-0.7853	0.00645	0.9737	0.906225
2771	YHR215W	0.063125	0.40795	1.913675	0.605225	1.351825
2772	YHR216W	0.81285	1.1917	1.475575	-0.719075	-1.561575
2774	YHR218W	-2.83975	-2.181825	-2.043075	0.533425	-0.580675
2776	YIL001W	-2.164325	-2.032875	-1.8941	0.096525	-0.19785
2778	YIL003W	1.140675	1.222975	1.0415	-0.745975	-0.233125
2785	YIL010W	-0.5135	-0.90335	-1.2716	0.417025	1.752975
2787	YIL012W	1.7015	0.09655	1.426	-1.033	-0.778433333
2791	YIL015W	-0.7272	-1.661625	-3.112875	0.9439	0.7106
2792	YIL016W	-0.637725	-0.5665	-0.37415	-0.96895	-0.492375
2794	YIL018W	-0.730475	-1.664425	-1.213	-0.365775	-0.33575
2795	YIL019W	0.702725	0.984625	0.89815	-1.212975	-1.168525
2796	YIL020C	-0.827625	-1.724975	-1.78515	-0.80915	-0.73355
2798	YIL022W	1.43855	1.0061	1.415175	-0.2614	-0.7386
2800	YIL024C	1.131725	1.2015	1.275875	1.365825	0.934033333
2805	YIL029C	-0.992125	-0.416375	0.0916	-0.005325	0.42495
2810	YIL034C	-1.737633333	-2.5147	-2.473025	1.703766667	0.310125
2812	YIL036W	0.967633333	0.726133333	1.466675	-0.7106	-0.5167
2816	YIL040W	1.139975	1.95265	1.92055	-0.46855	-0.297825
2818	YIL042C	2.1109	1.912875	1.852175	-0.35985	0.031125
2822	YIL046W	1.37975	1.773425	1.888025	0.02765	-0.04
2827	YIL051C	-1.05335	-0.860575	-1.732825	-1.185175	-0.184475
2828	YIL052C	-0.756475	-1.450225	-1.3486	-0.664	-0.38355
2831	YIL055C	1.784475	0.992175	0.9755	0.4219	1.189566667
2838	YIL062C	-0.287125	-1.263925	-1.845725	0.746675	-0.401275
2839	YIL063C	-1.176825	-2.17245	-1.797025	0.816375	0.057725
2840	YIL064W	0.0358	0.29215	1.087925	-1.914775	-1.509925
2841	YIL065C	-0.6028	-0.12985	0.481125	1.09005	0.2219
2845	YIL069C	-0.5407	-0.893525	-1.15365	-0.103125	-0.05235
2847	YIL071W	-0.579375	-0.481475	-0.03155	1.081225	0.41285
2852	YIL076W	-0.413925	-0.342825	-0.911575	0.508	0.22305
2855	YIL079C	0.1641	0.7402	1.10415	-1.260775	-1.398875
2866	YIL090W	1.85105	2.127	2.1282	-0.0128	-0.868525
2867	YIL091C	2.381075	2.508625	1.3469	-1.1339	-0.1245
2868	YIL092W	1.693175	1.46065	1.557225	-0.542875	-0.4101
2870	YIL094C	-1.58535	-1.90545	-2.153425	-0.595875	0.937275
2872	YIL096C	1.273675	1.444825	2.04255	-1.341175	-0.291225
2873	YIL097W	0.403425	0.52875	0.987875	0.639825	0.89565
2879	YIL103W	0.862375	1.304875	1.583525	-0.609575	-0.3735
2880	YIL104C	0.709575	0.6112	0.65355	-0.7287	-0.572125
2884	YIL108W	0.985925	1.31575	1.770925	0.279625	1.058325
2886	YIL110W	0.659666667	1.565825	1.11355	-0.6426	-0.421475
2887	YIL111W	-0.8007	-0.791	-1.1947	3.43925	1.7372
2888	YIL112W	-1.16835	-0.616225	-0.2444	0.17035	0.4244
2889	YIL113W	-1.005575	-0.4485	-0.929625	2.34655	2.4384
2894	YIL118W	1.719925	1.195225	1.593275	-0.308125	0.3198
2897	YIL121W	0.6948	0.42925	0.281425	0.868625	0.577175
2900	YIL124W	-1.656375	-1.73055	-1.941475	1.744	1.031
2908	YIL132C	-0.242925	-1.675475	-0.8003	0.521075	-0.846475
2912	YIL136W	-0.48185	-0.8177	-0.99835	1.178825	1.697525
2919	YIL143C	-0.4449	1.733175	1.066775	-0.34785	0.0934
2921	YIL145C	1.173625	0.982075	1.0971	0.4736	0.10675
2931	YIL155C	1.047275	-0.044875	-0.495625	1.16035	1.404875
2936	YIL160C	0.893525	0.589275	1.07255	0.50245	0.188525
2937	YIL161W	0.01965	0.592725	1.067575	0.30015	0.0628
2948	YIL172C	0.985725	1.023375	0.837325	0.5014	-0.19815
2951	YIL175W	1.62835	2.1343	4.2554	-0.425325	-0.890675
2960	YIR007W	1.5198	1.210525	1.9611	0.56145	0.89005
2962	YIR009W	-0.021225	0.376775	0.878025	-0.330925	-1.159025
2963	YIR010W	0.09365	0.646775	-0.398575	-0.61715	0.114875
2964	YIR011C	3.078825	2.4926	1.2497	-0.683366667	-0.77705
2965	YIR012W	1.76325	1.918275	1.399	-1.61735	-0.7916
2969	YIR016W	-1.64245	-0.617666667	-0.229825	0.443825	0.545575
2970	YIR017C	-2.198725	-1.2496	-1.57115	-0.4305	-1.149025
2971	YIR018W	0.80625	0.597175	0.634975	-1.15885	-1.237225
2979	YIR026C	1.783275	2.32575	2.443275	-0.06985	0.455225
2988	YIR035C	-1.394	-1.024575	-0.5608	1.39695	1.2967
2990	YIR037W	-1.0219	-0.535025	-1.083775	1.685825	1.996225
2991	YIR038C	-0.678833333	-1.422225	-1.501325	1.89145	2.5241
2992	YIR039C	-0.5094	-0.452025	-1.00775	1.712	1.898025
2993	YIR040C	0.979525	2.482033333	2.442966667	0.3216	-0.4704
2996	YIR043C	-0.90925	-0.85125	-1.228075	1.23445	0.8462
3005	YJL008C	1.41195	1.12265	1.82725	-0.386525	-0.3156
3007	YJL010C	2.23305	2.8804	2.4674	-0.995125	0.195625
3009	YJL012C	0.60445	1.697825	1.657425	0.440025	2.37875
3012	YJL015C	0.73135	1.4448	1.519125	1.503175	3.0633
3013	YJL016W	0.6312	0.74735	1.145825	0.6829	2.04435
3015	YJL020C	-0.618175	-0.692375	-0.925	1.1086	-0.1783
3019	YJL025W	1.8566	1.250475	0.89915	0.3793	1.2466
3021	YJL027C	1.6761	1.067166667	1.2176	0.362533333	-0.570075
3027	YJL033W	2.0941	2.96745	3.1522	-1.779225	-0.097775
3029	YJL035C	2.577575	2.75875	3.2221	0.31965	-0.70345
3030	YJL036W	1.08305	0.83445	1.5144	-0.044075	-0.21195
3039	YJL046W	-0.89425	-1.390725	-0.85415	0.171	0.308225
3041	YJL048C	0.228625	0.13775	0.7126	0.954575	2.005
3045	YJL052W	-1.18985	-1.617	-1.703075	-0.101975	1.017925
3046	YJL053W	-1.23895	-1.4829	-1.442575	0.675925	-0.02065
3051	YJL058C	-0.6462	-0.7441	-0.9094	-0.012175	-0.011675
3052	YJL059W	-1.46235	-1.320975	-2.087325	0.7339	0.267425
3053	YJL060W	-1.20365	-1.5261	-1.83745	0.186075	-0.0265
3057	YJL064W	-0.613166667	-0.8785	-0.794125	0.1529	-0.474575
3058	YJL065C	-0.686425	-1.624925	-0.704675	-0.439175	-0.69895
3061	YJL068C	-1.213425	-1.935875	-2.747	1.29285	1.01425
3062	YJL069C	3.01375	3.166975	2.2604	-1.125975	-0.7023
3064	YJL071W	-1.087825	-0.3613	-0.341775	2.85355	2.0425
3078	YJL085W	0.483175	0.645825	0.6748	0.93465	-0.004075
3081	YJL088W	-1.378025	-1.5842	-1.437325	-0.87875	-1.015425
3083	YJL090C	0.614875	0.710225	1.000075	-0.08085	0.4592
3084	YJL091C	-0.8825	-1.33675	-1.341275	0.9238	-0.0484
3098	YJL105W	-1.100025	-1.291675	-0.659625	-0.41615	-0.17435
3101	YJL108C	2.51375	1.1792	0.997125	0.565325	1.332275
3103	YJL110C	2.496525	1.57525	1.307	-0.139325	-0.1231
3107	YJL114W	-0.81805	-0.9184	-1.1715	0.174475	0.9212
3109	YJL116C	3.46285	1.893125	2.0663	0.744225	1.600825
3115	YJL122W	2.220525	2.00295	2.40695	-1.775775	-1.3606
3118	YJL125C	1.6402	1.5392	1.158125	-1.539325	-0.917575
3121	YJL128C	0.6987	0.8398	0.49175	-0.305225	0.181475
3126	YJL133W	1.91505	0.939175	0.29255	-0.2962	-1.005675
3127	YJL134W	-0.89855	-1.535125	-2.0093	0.8875	-0.2296
3135	YJL142C	-0.9529	-0.9423	-0.4606	1.221175	2.1981
3140	YJL147C	1.1244	0.9033	1.305	-1.11685	-0.890225
3144	YJL151C	-1.250725	-1.99575	-1.98725	0.550025	0.837475
3145	YJL152W	-0.648575	-1.9011	-1.70485	0.8483	1.390125
3148	YJL155C	0.66295	-0.1607	0.5311	0.7427	1.1804
3154	YJL161W	-0.07095	-0.40725	-0.20105	3.247225	2.5098
3155	YJL162C	1.183925	1.364025	1.428175	-0.0129	0.901325
3156	YJL163C	-0.65925	-0.58325	-1.073975	-1.0762	-0.835575
3157	YJL164C	-1.078125	-1.3429	-2.30605	2.212175	1.7232
3161	YJL168C	0.699325	0.808275	1.232875	0.3435	0.56065
3164	YJL171C	-0.577033333	-0.134	0.10005	0.023875	3.342066667
3166	YJL173C	-1.06235	-0.379775	-1.198425	0.550525	-0.408825
3174	YJL181W	-0.588225	-0.25165	-0.096075	1.2331	1.0937
3179	YJL186W	1.0583	0.592425	-0.533275	-0.2004	0.2884
3196	YJL203W	0.942275	0.4976	1.0026	-0.5419	-0.831375
3199	YJL206C	1.29555	0.712675	0.978675	0.1092	0.555
3201	YJL208C	1.45135	1.532125	1.58685	-1.4035	-1.3028
3202	YJL209W	0.43465	0.7603	0.60395	-0.367225	-0.430225
3209	YJL216C	-0.43825	-0.7706	-0.6573	-0.2508	0.61795
3210	YJL217W	-1.778525	-1.62415	-2.777875	-1.01755	1.137125
3211	YJL218W	-1.08515	-1.6176	-1.7812	2.4288	2.272633333
3213	YJL220W	2.10795	1.8111	0.620825	-0.473975	0.783
3216	YJL223C	1.56225	1.285875	0.8121	-0.3138	-0.393925
3219	YJR002W	0.7864	2.4327	2.041175	-0.814475	-0.0943
3224	YJR007W	1.249275	1.70895	1.588475	-0.441975	-0.0596
3226	YJR009C	-1.14425	-0.421675	-0.873825	0.623175	0.077175
3228	YJR010W	-1.422	-2.939725	-2.274475	-0.836625	-1.707425
3243	YJR025C	-0.2276	-0.359525	0.127375	2.300225	1.355
3252	YJR034W	-0.9601	-0.701	-0.796575	0.2034	1.25655
3262	YJR044C	-0.232675	-0.72255	-1.242125	1.00955	0.352525
3266	YJR048W	-1.60315	-1.6267	-2.26255	-0.929675	0.83245
3272	YJR054W	1.188075	1.311425	0.16375	0.18315	-0.062725
3273	YJR055W	1.6838	1.89025	1.912025	-0.7684	-0.62635
3274	YJR056C	2.50795	1.760225	1.937625	-0.742325	-1.0111
3278	YJR060W	-0.922925	-0.603075	-0.871175	-0.3163	-0.2507
3279	YJR061W	-1.2675	-1.35545	-1.7696	0.3441	-0.11835
3281	YJR063W	1.2184	1.538925	1.678475	-1.353925	-0.166675
3285	YJR067C	-0.480125	-1.90245	-1.4395	-0.4319	-0.155925
3288	YJR070C	0.391325	-0.6263	0.211375	-2.3322	-0.196525
3291	YJR073C	-0.263475	0.795725	3.073025	4.36715	3.851025
3310	YJR093C	1.9234	1.76005	1.754625	-0.19175	-0.28825
3311	YJR094C	-0.279575	-0.706875	-1.047	-1.1576	-0.02485
3314	YJR096W	-0.47115	-0.823125	-0.59465	0.8838	0.3959
3315	YJR097W	1.0999	1.65755	0.986025	-2.06685	-1.235425
3316	YJR098C	2.175275	1.944575	1.464125	-0.409133333	0.1044
3317	YJR099W	-0.682325	-0.5195	-1.13595	0.27705	-0.039975
3318	YJR100C	-0.906675	-0.17035	-0.0846	0.384625	0.78685
3319	YJR101W	0.91295	1.244575	1.070675	0.667925	0.459825
3320	YJR102C	-0.4878	-0.5861	-0.5518	0.3076	0.22665
3322	YJR104C	-1.161575	-0.816225	-1.32655	1.529775	0.293925
3325	YJR107W	-0.50745	-0.959875	-0.942025	0.7276	0.208325
3327	YJR109C	0.14105	0.900025	1.178025	1.4207	2.0665
3329	YJR111C	3.20305	3.6258	3.4345	-0.708975	-0.0807
3336	YJR118C	-1.571675	-0.768275	-2.0271	-0.425375	-0.060425
3340	YJR122W	-0.99395	-1.0731	-1.3777	0.470775	0.14175
3341	YJR123W	-0.11995	-0.741	-1.3128	-0.340325	-0.385325
3348	YJR130C	0.64245	1.229725	1.455	0.39985	0.0347
3349	YJR131W	-0.55405	-0.78215	-1.03225	0.0707	0.17245
3362	YJR144W	0.68215	0.768725	0.7731	-0.036675	-0.60575
3363	YJR145C	-0.843175	-0.885975	-1.287375	-0.18885	-0.20625
3365	YJR147W	-0.7564	-0.8397	-2.040275	-0.45945	-1.486375
3366	YJR148W	-0.4526	-0.30105	-1.46095	0.074275	0.306025
3373	YJR155W	0.309425	1.156275	1.860175	0.042333333	0.1543
3378	YJR160C	-1.43665	-0.722	-1.0297	-0.02715	0.455125
3387	YKL006W	-0.608825	-0.7366	-2.171625	-0.480725	-0.425175
3388	YKL007W	-0.389775	-1.41235	-1.637225	1.4225	0.191075
3390	YKL009W	2.368725	2.68405	3.3216	-1.52865	-1.2891
3391	YKL010C	-1.043066667	-0.750075	-2.201666667	-1.319433333	-0.256925
3394	YKL013C	-0.39145	-0.709325	-0.792525	1.4609	0.604075
3399	YKL018W	0.817025	0.468125	0.26375	-0.3835	-0.744375
3407	YKL026C	0.00635	0.5078	0.401025	0.893775	1.35885
3411	YKL030W	-0.465575	-0.8719	-1.204125	-2.357025	0.04405
3413	YKL032C	1.26775	1.459775	1.092525	0.123975	0.29995
3416	YKL035W	-1.582575	-1.91415	-2.5461	4.7744	2.9732
3421	YKL040C	0.12065	-0.1327	0.243775	0.45915	1.16675
3430	YKL049C	-0.90095	-1.36535	-1.2143	-0.068025	0.6456
3442	YKL061W	1.846625	1.545825	2.4022	1.3628	0.18055
3443	YKL062W	2.1262	1.9759	2.100175	0.354775	1.0108
3446	YKL065C	0.046675	0.318475	-0.414775	3.1704	1.90905
3447	YKL066W	-0.770575	-1.032	-0.691325	2.222525	2.51025
3448	YKL067W	-0.8083	-0.917375	-1.245625	2.5906	1.78345
3450	YKL069W	-1.7062	-2.3172	-3.141525	1.419975	1.09195
3455	YKL074C	1.477525	2.1125	1.2086	0.040775	-0.3923
3459	YKL078W	1.802875	2.6689	2.049675	-1.3124	-0.145575
3463	YKL082C	2.276575	2.962325	2.141875	-1.560425	-1.061725
3465	YKL084W	-0.497225	-0.9464	-0.724125	-1.29985	-0.574875
3466	YKL085W	-0.910875	-1.20585	-1.5315	1.84855	0.934725
3468	YKL087C	1.5862	0.74025	1.06465	0.76995	0.197
3471	YKL090W	0.38465	0.5269	1.061	0.306975	0.247575
3472	YKL091C	-1.78335	-2.1483	-1.70575	1.84275	0.639625
3477	YKL096W	-0.708525	-3.026075	-3.43395	4.26695	4.310375
3481	YKL099C	1.61695	2.121725	2.65215	-1.46965	-0.930675
3483	YKL101W	-1.0468	-1.388725	-1.114325	-0.355625	-1.9709
3485	YKL103C	-1.454675	-1.751275	-2.932475	3.501825	1.96875
3491	YKL109W	1.1349	-0.462	-0.527425	-0.3909	1.17325
3492	YKL110C	1.255225	1.183	1.19125	-1.243275	-0.872925
3493	YKL111C	-1.5428	-1.6251	-2.56485	0.949075	0.756075
3507	YKL125W	2.278175	2.344925	1.463825	-0.9389	-0.18965
3508	YKL126W	-0.012775	0.7912	0.875675	1.6479	1.663266667
3512	YKL130C	-0.310775	-0.497075	-0.36085	-0.55585	-0.3105
3518	YKL136W	-0.719525	-1.05005	-0.745025	0.806475	1.642
3522	YKL140W	0.292275	0.36205	-0.028025	0.918625	-0.265225
3524	YKL142W	-1.265225	-2.2884	-2.43555	1.53355	1.691525
3525	YKL143W	1.797375	1.49975	1.364475	-1.89755	-0.618575
3526	YKL144C	-0.08235	-0.5007	-0.10655	-1.780675	-0.593175
3530	YKL148C	-0.015125	0.011725	-0.746925	1.322725	1.027825
3531	YKL149C	1.09975	0.818475	0.6258	-0.553725	-0.556775
3532	YKL150W	-0.047233333	-0.741233333	-0.728666667	1.506366667	1.850466667
3535	YKL153W	-1.345975	-1.515425	-1.3237	0.836125	-0.66285
3537	YKL155C	1.623925	0.9205	1.547575	-0.335675	0.119275
3540	YKL159C	-0.502075	-0.8985	-0.81845	-0.360075	-0.88865
3542	YKL161C	-0.41995	-0.338625	-0.431675	1.33805	1.0462
3543	YKL162C	2.0923	1.300725	0.950475	-0.060425	0.455875
3545	YKL164C	-0.370125	-0.119975	-1.109875	1.89915	-0.893525
3550	YKL169C	1.1572	1.2227	1.1364	-0.11345	0.36865
3556	YKL175W	1.0631	1.067025	1.723725	-0.46645	-0.03695
3578	YKL197C	-0.4624	-0.460575	-0.482625	0.46385	0.49485
3579	YKL198C	1.47185	1.1775	0.87025	-0.2552	-0.08835
3586	YKL207W	-0.3789	-1.1209	-1.125725	-0.139275	-0.455175
3587	YKL208W	-0.670525	-0.85265	-1.09265	-0.467075	-0.16145
3588	YKL209C	-1.009775	-0.43675	-0.457525	0.42785	-0.3904
3595	YKL216W	0.598075	0.35235	-0.0687	-3.181175	1.444375
3602	YKL223W	0.94915	2.39055	2.89895	-0.154175	0.232375
3606	YKR002W	0.6702	1.043425	0.657075	0.013075	0.00795
3607	YKR003W	-1.1997	-1.311925	-1.60295	1.052725	0.6825
3608	YKR004C	-1.18935	-0.253525	-0.176525	0.287175	0.3777
3611	YKR007W	-1.211225	-1.278125	-1.00975	0.052775	-0.565875
3612	YKR008W	0.2448	1.1847	0.939525	-0.43075	0.993525
3615	YKR011C	-0.704875	-0.85535	-0.494325	-0.420775	-0.456725
3626	YKR022C	-0.8404	-0.5955	-0.365525	0.261475	-0.10425
3628	YKR024C	2.845625	3.073875	2.406275	-0.743475	-0.57055
3629	YKR025W	1.6806	1.059625	0.388425	-0.883025	-1.402575
3639	YKR035C	1.277775	1.21015	1.1209	0.738125	0.4185
3641	YKR037C	-1.098766667	-1.199566667	-0.410033333	0.547033333	0.5467
3643	YKR039W	1.79375	0.771225	0.470425	0.746925	2.182425
3644	YKR040C	1.1962	0.8417	0.6466	-0.081766667	0.313633333
3655	YKR051W	0.998325	1.0294	1.315625	0.1247	-0.0261
3660	YKR056W	1.38435	1.77685	1.429375	-0.684425	-0.180575
3667	YKR063C	0.006275	-0.6119	-0.680275	-0.767	-0.93615
3670	YKR066C	-0.3939	-1.86485	-1.502025	1.04265	0.616525
3673	YKR069W	-0.925425	-1.03165	-0.045	0.038875	-0.785075
3676	YKR072C	1.345175	0.470525	0.2504	-0.508775	-0.60135
3679	YKR075C	8.0324	1.069775	-0.7055	-0.1127	0.744325
3680	YKR076W	-0.07325	-0.6266	-1.372025	2.03545	2.0164
3681	YKR077W	-1.12035	-1.72475	-1.018225	1.807475	-0.357525
3682	YKR078W	0.86675	0.799425	1.276125	0.17345	-0.173425
3685	YKR081C	2.25405	2.3913	2.518775	-2.44105	-0.9367
3691	YKR087C	1.251	0.8557	1.235725	-0.300225	0.08555
3703	YKR099W	1.5443	1.292025	1.075225	-0.47975	0.0244
3704	YKR100C	1.4889	1.941275	1.6673	0.320425	0.488275
3707	YKR103W	-0.49005	-0.971275	-0.456825	0.0769	-0.632025
3708	YKR104W	0.0146	0.403075	0.276125	-0.37135	0.79565
3716	YLL006W	-0.35595	-1.242675	-1.3882	0.632525	1.204775
3718	YLL008W	1.594175	1.495675	1.3601	-1.7435	-0.199925
3720	YLL010C	2.703066667	1.644266667	1.5479	-0.178933333	-0.021466667
3722	YLL012W	3.34605	2.601375	2.94175	-0.002225	0.0565
3738	YLL028W	0.886075	2.133375	2.8206	0.9137	1.076275
3745	YLL035W	0.952875	0.839775	1.009125	-0.3668	0.102425
3746	YLL036C	1.390875	1.8654	1.953675	0.04895	-0.261925
3747	YLL037W	1.11155	1.429975	1.79395	-0.412	-0.6534
3749	YLL039C	-1.456925	-1.17645	-0.7367	1.0138	0.8865
3760	YLL050C	-0.476125	-1.9489	-1.256225	-0.5628	1.360275
3767	YLL057C	-0.8768	-1.003325	-1.60055	-0.628725	-0.23225
3770	YLL060C	0.764225	0.6387	1.49305	0.65515	0.045025
3771	YLL061W	0.40435	-0.193475	-1.053225	-3.8171	-1.981225
3772	YLL062C	-0.821	-1.80415	-3.4349	-1.705325	-1.841625
3776	YLL066C	-0.783725	0.059475	-0.315825	0.91105	1.119075
3779	YLR002C	1.094175	1.601025	1.687625	-0.13615	-0.5126
3780	YLR003C	1.078675	1.411075	1.65995	-1.25295	-0.59065
3786	YLR009W	1.77175	3.052275	3.704325	-1.687925	-0.495075
3793	YLR016C	0.39835	0.619	0.447975	0.471425	-0.60905
3798	YLR021W	-1.158225	-1.189625	-0.83775	0.395325	-0.0076
3800	YLR023C	1.374625	1.47455	0.541	-0.795	0.748875
3804	YLR027C	-1.5455	-2.391325	-2.654525	-0.124975	-0.050225
3806	YLR029C	-1.57685	-1.392125	-1.84035	-0.2429	0.753
3826	YLR049C	-1.6097	-2.122375	-1.82665	0.848325	-0.271675
3828	YLR051C	2.25025	2.635725	2.802875	-0.411025	0.260975
3830	YLR053C	2.360775	1.585475	1.712225	-1.095425	-1.02435
3833	YLR056W	-1.11235	-0.829175	-0.81925	-1.467175	0.0883
3835	YLR058C	-0.151675	-0.282575	-1.51875	0.0972	2.629825
3838	YLR061W	-1.05415	-1.2943	-1.542025	-0.200375	-0.41
3839	YLR062C	-1.0847	-0.77805	-1.72305	-0.86545	0.282425
3843	YLR066W	-1.330125	-1.4846	-1.90595	0.116	0.415
3844	YLR067C	0.978425	1.2654	1.146075	-0.250825	0.121925
3845	YLR068W	1.650625	1.9999	2.3177	-1.551775	-0.63365
3851	YLR074C	2.83615	2.67335	2.2606	-1.15825	-0.1945
3855	YLR078C	-0.764925	-0.73415	-0.680575	-0.19725	-0.946275
3857	YLR080W	-0.71715	-1.051625	-1.298175	2.161675	1.90155
3864	YLR087C	-0.1541	-1.471275	-0.92195	0.333575	-0.404225
3866	YLR089C	1.685875	1.618275	1.052725	0.11115	-0.255925
3867	YLR090W	2.221325	1.58765	1.2209	-0.202575	-0.73205
3868	YLR091W	-0.7294	-0.6367	-0.992375	-1.0232	-0.872525
3873	YLR096W	-1.147675	-0.471	-1.03795	0.549525	0.380166667
3874	YLR097C	-1.3155	-1.15265	-0.931075	0.03255	0.2472
3876	YLR099C	2.38225	2.026675	2.584275	-0.928075	-0.410925
3879	YLR102C	-1.878725	-1.4226	-0.867475	0.3794	-0.54
3884	YLR107W	3.117475	2.839725	1.835825	-1.337	-0.1444
3889	YLR112W	-0.4655	-0.7856	-0.7343	-0.574533333	-0.8273
3893	YLR116W	2.250625	1.52645	0.7512	-0.109025	-0.4737
3894	YLR117C	1.427725	1.021875	1.435125	0.23415	-0.110475
3895	YLR118C	-0.920925	-0.8285	-1.3536	1.30195	0.399825
3897	YLR120C	1.789925	1.7631	1.705975	0.640375	1.367975
3898	YLR121C	1.5291	1.453825	1.1485	0.127	-0.088525
3905	YLR128W	-0.7182	-1.7068	-1.214275	0.059475	0.095425
3908	YLR131C	-0.284325	-1.59235	-0.5558	-0.134525	-0.3616
3922	YLR145W	0.8801	0.69815	0.8606	-0.597125	-0.6556
3923	YLR146C	0.7335	1.2639	1.562625	-0.7065	-0.35215
3934	YLR157C	-0.66905	-0.451075	-0.645533333	-0.445733333	-0.155766667
3937	YLR160C	-0.802	-0.629725	-0.60875	0.2557	-0.24025
3939	YLR162W	2.736675	3.18995	3.263525	1.261	1.923925
3943	YLR166C	-0.858125	-0.2462	-0.771325	1.7024	1.1217
3945	YLR168C	-0.2391	-0.005975	1.418375	-0.203275	1.725125
3951	YLR174W	2.21645	2.0376	2.1205	0.22715	0.653975
3952	YLR175W	1.111025	0.4809	1.387925	-1.046225	-1.18355
3954	YLR177W	0.0542	-0.474025	-0.6173	0.901975	4.121225
3955	YLR178C	-0.29745	-0.599375	-0.693975	5.232525	3.342525
3956	YLR179C	-0.0877	-1.613525	-1.576075	-0.7253	-1.9454
3960	YLR183C	-0.95215	-1.10265	-1.226525	0.587425	-0.582125
3962	YLR185W	-0.95325	-1.697525	-1.86715	0.34565	-1.1037
3963	YLR186W	1.699725	1.587925	2.144625	-1.048125	-0.9858
3964	YLR187W	-0.803533333	-0.97935	-0.788925	-0.73715	-1.0136
3968	YLR191W	0.698875	0.833	1.7205	-0.377	-0.5623
3973	YLR196W	1.78935	2.46255	1.614525	-1.303725	-0.201875
3974	YLR197W	0.226525	1.133975	1.38695	-1.013875	-0.0112
3989	YLR212C	-1.1965	-1.277775	-1.54625	0.432275	-0.173975
3992	YLR215C	0.875025	0.693525	1.0551	-1.428325	-1.3005
3993	YLR216C	-1.173775	-2.975125	-2.3477	0.588575	-0.612675
3994	YLR217W	-1.686025	-1.80635	-2.111175	0.304275	-0.8289
3996	YLR219W	-0.26275	-0.480725	-0.31355	-0.1663	-0.6378
3998	YLR221C	1.879425	1.60625	2.51545	-1.71925	-0.5712
3999	YLR222C	0.990975	1.021375	0.726275	0.0926	0.156325
4002	YLR225C	3.027466667	2.9738	3.488366667	1.188066667	0.960733333
4004	YLR227C	1.63265	0.9334	0.895	-0.879975	-0.498125
4008	YLR231C	-1.2088	-1.23005	-1.904175	-0.6091	-0.300675
4024	YLR247C	0.7132	0.8064	0.61875	-0.61995	-0.025475
4027	YLR250W	-0.286075	-0.34435	-0.18045	1.018075	0.9206
4028	YLR251W	-0.291625	0.54365	0.3966	0.687125	1.868475
4029	YLR252W	-0.47555	0.101733333	0.44655	1.662566667	1.622125
4030	YLR253W	0.6023	0.53325	0.816975	-0.08145	-0.037125
4031	YLR254C	1.4094	0.70685	1.43285	0.181	-0.37795
4036	YLR259C	-1.019175	-1.32295	-1.9916	0.054775	-0.429675
4040	YLR263W	-1.49275	-0.809825	-1.186925	-0.192875	0.423766667
4041	YLR264W	-1.563	-2.06835	-1.8521	-0.238525	1.16105
4042	YLR265C	-0.87925	-1.10595	-1.15955	0.027425	0.432275
4047	YLR270W	-0.5962	-1.35715	-1.0774	2.322325	2.0865
4060	YLR283W	-0.599975	-1.010175	-0.37655	0.607275	0.019325
4075	YLR297W	-1.72225	-1.410925	-0.682375	0.21355	0.803125
4084	YLR306W	-1.0858	-0.8456	-0.8154	2.589725	2.389975
4104	YLR326W	-0.4727	-0.9907	-1.95995	0.308025	0.786725
4105	YLR327C	1.235866667	-0.5291	-1.872075	1.57145	3.029225
4106	YLR328W	-0.6604	-1.246825	-1.71655	-1.29665	-0.367825
4118	YLR340W	-1.4071	-0.545325	-1.7291	-0.887075	-0.462633333
4122	YLR344W	0.858025	-0.511425	-1.1902	-0.171275	0.66565
4124	YLR346C	1.084433333	0.608533333	1.0536	-2.021433333	-2.12385
4132	YLR354C	-1.1552	-1.004075	-0.6952	1.061325	1.3129
4138	YLR360W	-1.1992	-1.2739	-1.40685	0.375975	-0.392
4142	YLR364W	-1.153625	-1.1956	-1.6285	-0.432425	-0.216525
4148	YLR370C	-0.655375	-2.300725	-1.7328	1.091125	0.162775
4170	YLR392C	1.618875	0.5772	0.479566667	-0.71685	-0.846525
4178	YLR400W	0.8577	0.605275	1.273825	-0.072625	-0.2861
4181	YLR403W	0.55355	1.1583	0.053475	-0.555775	-0.35505
4182	YLR404W	-1.223275	-1.3202	-1.776	0.27135	-0.311025
4183	YLR405W	0.25025	0.015425	-0.034825	-0.9141	-1.594475
4184	YLR406C	-0.814575	-1.1135	-0.7014	-0.3736	-0.83165
4185	YLR407W	1.7179	1.00955	-0.078175	-0.032575	-0.591775
4189	YLR411W	1.62645	1.391025	1.2271	0.165575	-0.669325
4191	YLR413W	0.311525	0.726425	-1.1796	-4.37145	-3.347275
4192	YLR414C	-1.723875	-2.3506	-1.908475	0.70355	0.9506
4198	YLR420W	-0.278925	-0.979225	-1.457925	-2.0745	0.6399
4202	YLR424W	-0.11295	0.2544	0.3342	-0.3078	-0.7928
4216	YLR438W	-1.110875	-1.366675	-2.20945	0.323775	0.721225
4217	YLR439W	0.7422	-0.1071	-0.0446	0.55445	0.44
4226	YLR448W	-0.75245	-1.036975	-1.15025	-0.2786	-0.659125
4227	YLR449W	1.205325	1.7031	1.6457	-0.5966	-1.033175
4246	YML001W	-0.7985	-1.44615	-0.775175	0.60385	0.0431
4258	YML011C	0.906575	0.390075	0.390425	-0.191575	-0.686825
4260	YML012W	-0.565875	-0.55335	-1.65475	1.923325	0.290925
4266	YML018C	1.894025	2.40195	1.603525	-0.865525	-0.691175
4276	YML028W	-1.310775	-1.1086	-1.796925	-0.088525	-1.1676
4277	YML029W	-1.1863	-1.1923	-2.4203	0.655625	-0.534025
4285	YML036W	-1.567975	-1.4167	-1.24625	-0.7568	0.2089
4290	YML041C	1.1675	0.66655	0.87405	-0.364125	-0.076575
4292	YML043C	2.901375	2.108025	1.746975	-1.159	-0.57365
4297	YML048W	1.9299	1.5823	1.5936	1.395733333	-0.321633333
4301	YML052W	-1.48565	-1.55775	-0.6248	-0.032825	0.205975
4305	YML056C	-0.4654	0.053075	0.40475	-1.174	-1.67135
4308	YML058W	-2.292275	-1.384075	-1.4713	0.039175	0.969
4323	YML073C	-0.508325	-1.145125	-1.142575	-0.465975	-0.55165
4328	YML078W	-0.7898	-1.14655	-0.74225	0.6449	1.1909
4329	YML079W	-0.7924	-0.7464	-1.08165	0.6458	1.27395
4330	YML080W	2.2235	2.386675	2.318725	-0.76865	-0.9108
4357	YML104C	-0.84255	-0.47315	-0.3295	-0.4386	-0.59205
4363	YML110C	0.679725	-0.408025	-1.1541	0.976225	0.371425
4374	YML120C	-0.848075	-0.945875	-0.968075	0.8657	1.1146
4377	YML123C	3.2536	3.57675	4.162225	-0.5353	1.6896
4379	YML125C	0.87815	1.0167	1.29475	-1.113425	-1.6608
4381	YML127W	1.027825	0.078525	0.61615	0.38565	0.82695
4382	YML128C	-0.20955	-1.030175	-0.70495	4.614775	4.6414
4396	YMR009W	-0.954025	-1.743925	-1.58085	0.12685	0.2865
4397	YMR010W	2.805825	1.938275	1.713625	2.2732	0.2034
4398	YMR011W	9.738575	6.9652	1.023675	1.056525	1.304675
4401	YMR014W	1.74705	1.521675	1.564625	-0.8245	-0.286075
4412	YMR025W	-1.2688	-0.9073	-1.380075	0.27095	0.843825
4414	YMR027W	-1.417225	-0.828625	-1.085575	0.567225	1.058425
4421	YMR033W	0.808925	1.16765	1.356575	0.123275	-0.626225
4423	YMR035W	-1.25795	-2.83805	-2.034433333	0.6199	0.062333333
4426	YMR038C	-1.605375	-1.383025	-2.054025	-1.5312	-1.2727
4437	YMR049C	1.431725	2.010825	2.235625	-1.88445	-0.911525
4446	YMR057C	2.77915	1.9842	0.02775	-1.20715	0.172725
4463	YMR074C	-0.788475	-0.28995	-0.456075	1.587825	-0.036375
4467	YMR077C	0.631075	1.141175	0.798425	0.206575	-0.06495
4473	YMR083W	-0.943375	-0.93085	-1.930225	-0.15295	0.30415
4476	YMR086C-A	-0.7593	-0.9354	-0.913275	0.028825	-0.4016
4481	YMR090W	-0.4622	-0.45435	0.05445	3.994175	3.859025
4496	YMR105C	-1.21345	-0.7346	-1.79065	5.53435	4.94125
4497	YMR106C	-0.9197	-0.64815	-0.76915	1.58675	1.19425
4498	YMR107W	-0.0372	0.622866667	0.81865	2.6713	3.723425
4501	YMR110C	-0.31475	-0.125175	-0.3259	1.083	1.88535
4513	YMR121C	-2.581225	-0.9477	-2.0809	0.838325	0.476375
4516	YMR124W	-0.890175	-0.565725	-0.508675	-2.28345	0.329
4518	YMR126C	1.027625	1.121575	1.3703	0.095	-0.152475
4523	YMR131C	0.583225	0.849425	0.4729	-1.659175	-0.33715
4538	YMR145C	2.130975	2.499725	1.317625	-1.25065	2.018575
4543	YMR150C	-0.778575	0.18205	-0.384625	0.875075	1.275525
4546	YMR153C-A	-1.12435	-1.093425	-1.143575	0.33565	0.184625
4556	YMR161W	0.606575	0.625725	1.136825	0.129525	0.2749
4564	YMR169C	-0.715725	0.174025	-0.83745	3.744825	3.385475
4565	YMR170C	-1.121225	-0.87595	-0.3397	0.872875	0.97195
4569	YMR173W	-0.0112	0.0783	-0.1374	3.905325	1.46285
4570	YMR173W-A	0.4638	0.19695	0.0397	3.4268	1.379325
4571	YMR174C	-0.4345	-0.619375	-0.825733333	1.68195	1.9404
4572	YMR175W	0.745375	-0.002	0.114075	2.646825	3.070975
4574	YMR177W	2.130825	1.966725	1.824625	-0.6217	-0.94275
4575	YMR178W	-1.181075	-0.89265	-0.6931	-0.133825	2.436025
4579	YMR182C	3.4482	3.546775	2.938375	0.49785	0.695125
4581	YMR184W	-1.078275	-2.19995	-1.9734	-0.213775	-0.262
4585	YMR188C	1.62175	1.526325	2.03035	0.537775	1.030325
4587	YMR190C	0.418066667	-0.119266667	-0.37685	0.273	-1.449133333
4605	YMR207C	-0.61015	-0.422425	-0.596225	-0.29075	-1.058266667
4609	YMR211W	1.254225	0.920425	0.915825	-0.73445	-0.6002
4611	YMR213W	1.0438	1.081825	1.12675	-0.710775	-0.884175
4612	YMR214W	-0.931925	-1.136275	-1.67775	-0.171825	-0.6736
4613	YMR215W	-1.010775	-0.590425	-1.221825	-0.881875	0.952025
4615	YMR217W	0.245125	0.5747	0.85805	-1.032425	-1.22485
4617	YMR219W	-0.4119	0.314925	0.396675	-1.466725	-0.7985
4621	YMR223W	1.878925	2.08	2.104025	-0.575675	-0.4806
4633	YMR235C	0.241825	-0.051325	0.2956	0.152225	-1.76475
4634	YMR236W	-1.88525	-2.842525	-2.918325	-0.91825	-0.7728
4637	YMR239C	1.886775	2.22775	2.174075	-1.320075	-1.1466
4639	YMR241W	-0.939675	-1.051575	-1.265475	-0.205675	-0.076125
4640	YMR242C	-1.512375	-1.179425	-1.432775	-0.479375	-0.143275
4642	YMR244C-A	-0.082475	0.776525	0.3582	-0.65375	-0.823025
4644	YMR245W	0.355325	0.002175	-0.410825	-1.25615	-2.2625
4645	YMR246W	2.200425	2.70085	2.6478	-5.481175	-5.0188
4647	YMR250W	-1.119775	-1.375575	-1.271875	4.422125	2.7805
4648	YMR251W	0.477375	0.590325	0.717425	-0.393375	0.199433333
4649	YMR251W-A	-2.033475	-1.294725	-1.52325	5.63095	3.659075
4654	YMR256C	-1.411475	-0.4707	-0.35125	0.247325	2.3809
4660	YMR262W	-0.8163	-0.906075	-1.144875	0.849825	0.444025
4661	YMR263W	0.567525	0.61045	0.9194	0.3861	-0.0888
4663	YMR265C	1.0616	1.4022	1.078425	-0.1871	-0.1571
4665	YMR267W	1.06055	1.499625	0.736275	-0.60435	-0.077375
4666	YMR268C	2.286325	1.617475	1.353475	-0.644175	-0.064975
4667	YMR269W	0.423	1.047	1.460425	-2.05505	-1.1487
4669	YMR271C	0.606675	0.84265	0.823975	0.634225	1.1764
4674	YMR276W	-0.9621	-2.30285	-0.92345	-0.21155	-1.60445
4683	YMR285C	1.171625	1.217175	1.536525	-1.578575	-0.1973
4684	YMR286W	0.24645	1.144525	1.273625	-0.32	0.377275
4688	YMR290C	1.968625	1.8713	2.1293	-1.90315	-0.50135
4690	YMR291W	1.707625	1.1201	0.0328	-0.133025	2.363925
4691	YMR292W	-0.821475	-0.910625	-0.97225	-0.182675	-0.030975
4697	YMR297W	-0.305675	-0.7772	-0.76895	1.90095	0.697825
4700	YMR300C	0.7102	1.3911	1.387625	-0.394225	-0.7216
4713	YMR312W	-1.4328	-2.157425	-1.344425	-1.1749	-0.51785
4714	YMR313C	0.9485	0.67935	0.95905	-0.22335	0.62425
4716	YMR315W	-0.868475	-1.73645	-1.97525	2.269925	2.305375
4722	YMR319C	2.1273	0.853	2.013725	-2.3221	-1.27365
4731	YNL002C	2.077525	2.166425	2.849975	-1.921966667	-1.3528
4735	YNL006W	-1.105175	-1.331775	-1.192975	-0.0757	-0.28625
4736	YNL007C	-2.498825	-2.812875	-1.67485	-1.39555	-0.09065
4740	YNL011C	-1.5487	-0.818125	-1.13145	-0.18345	-0.074275
4751	YNL022C	1.71155	1.9273	1.6497	-1.55145	-1.03985
4753	YNL024C	3.57055	4.49775	5.39285	-0.593425	-0.24495
4765	YNL036W	4.921225	4.420325	4.962525	4.853075	7.3955
4766	YNL037C	-2.102025	-2.758175	-4.026325	-1.09265	0.811125
4769	YNL040W	-0.779775	-1.3111	-1.176875	-0.3422	0.769575
4771	YNL042W	2.197633333	1.75	2.504875	-0.2217	0.909875
4777	YNL048W	0.319925	0.408	1.624475	0.524975	0.35885
4779	YNL050C	1.756375	1.16175	1.216	-0.666525	-0.373325
4782	YNL053W	1.93695	0.84775	0.946725	-1.0905	0.027625
4785	YNL056W	-1.556175	-1.668475	-0.54875	0.1626	-0.328525
4789	YNL061W	2.1146	2.661875	3.023775	-0.72685	0.12665
4790	YNL062C	1.133975	1.467925	0.937575	-1.8739	-1.12585
4792	YNL064C	-0.7744	-0.17685	0.21995	-1.74	-1.4082
4793	YNL065W	3.41665	3.096425	1.42915	-1.775675	-0.52265
4794	YNL066W	-0.7346	0.219925	-0.197425	-1.39475	-1.773275
4799	YNL071W	-1.298225	-1.04235	-1.84895	0.784725	-0.1723
4803	YNL075W	1.602675	2.2448	2.206825	-1.6055	-1.092275
4809	YNL081C	0.48835	0.9355	0.690425	-0.4248	0.71105
4811	YNL083W	1.47705	2.0187	1.84575	0.111225	0.3299
4820	YNL092W	-1.095825	-1.6736	-1.7284	0.625675	0.515425
4824	YNL096C	-0.460275	-1.11205	-1.713575	0.058575	-1.020725
4826	YNL098C	-0.4419	-1.29235	-1.9606	2.309675	0.043375
4827	YNL099C	-0.896	-1.534225	-0.980775	0.921575	0.009875
4828	YNL100W	1.053825	0.720975	1.183	-0.30465	0.121225
4835	YNL107W	1.147475	0.879425	0.954425	-0.0174	-0.275525
4838	YNL110C	2.92785	3.321	2.6649	-0.6961	-0.82635
4839	YNL111C	0.4126	1.027125	1.4835	-0.834875	-0.17145
4840	YNL112W	4.9803	5.46695	5.1612	-3.641875	-4.150075
4841	YNL113W	1.314725	1.22835	1.49045	-1.778625	-0.80995
4842	YNL114C	0.67835	1.0069	1.133975	-1.482825	-0.7527
4844	YNL116W	-1.240275	-0.58955	0.144475	-0.60745	-0.444675
4846	YNL118C	0.0823	-0.518	-0.38015	-0.8044	0.101475
4847	YNL119W	1.3436	1.4902	1.9094	-0.15945	-0.50865
4848	YNL120C	2.0612	1.61035	2.186375	0.373775	0.0145
4852	YNL124W	2.771925	1.711175	1.606775	-0.912625	-0.779125
4858	YNL130C	-1.466975	-1.264925	-1.17275	0.73175	0.069575
4862	YNL134C	-0.837875	-1.790475	-1.832375	2.4013	1.15405
4865	YNL137C	0.586225	1.56575	1.3321	-0.150375	0.3212
4871	YNL143C	1.851225	0.89735	1.24505	-0.4212	0.0227
4872	YNL144C	1.325425	0.6575	-0.016125	-0.26805	0.376975
4879	YNL151C	1.1252	0.952175	1.3635	-1.2371	-0.850475
4883	YNL155W	-0.026325	0.2008	1.006775	-0.12925	-1.871375
4887	YNL159C	-0.80315	-1.55515	-1.68585	1.22455	0.28415
4888	YNL160W	-1.348233333	-1.03765	-0.8561	5.85645	3.32205
4894	YNL166C	-0.979025	-1.292225	-1.383475	0.363225	0.299175
4896	YNL168C	-1.38345	-1.3483	-2.6834	-0.312475	0.3894
4897	YNL169C	-0.694025	0.99695	1.808025	0.790925	0.266975
4902	YNL174W	1.3564	1.8595	2.25005	-2.173225	-1.155075
4903	YNL175C	1.2491	1.581375	1.619625	-2.965975	-1.29625
4906	YNL178W	-1.5418	-1.077125	-2.043775	-0.4611	0.20025
4919	YNL191W	-1.0149	0.164075	-0.106375	-1.586975	-1.105975
4921	YNL193W	-1.1089	-0.962075	-1.0087	-0.042825	-0.2127
4928	YNL200C	-1.54725	-1.483325	-2.1768	1.654925	1.935475
4929	YNL201C	1.199925	2.084175	1.545666667	-0.157825	1.318666667
4932	YNL204C	1.425875	1.6025	1.7431	-0.48295	-0.306725
4933	YNL205C	2.10785	2.1792	2.568275	-0.130775	-0.432
4936	YNL208W	-1.162975	-1.17405	-1.267375	1.511525	2.7315
4941	YNL213C	2.20105	1.2379	1.60225	-0.333175	-0.15655
4945	YNL217W	-1.058775	-0.017325	0.14865	-1.060075	-1.349525
4955	YNL227C	-0.323525	0.29785	0.19495	-0.8884	-0.502975
4957	YNL229C	0.95485	1.073375	0.5875	-0.82235	-0.5182
4968	YNL240C	2.65665	2.665175	2.646925	-0.4	-0.025975
4976	YNL248C	1.761125	2.223875	2.0217	-0.529875	-0.420925
4977	YNL249C	-0.716525	-0.4235	-1.178	0.02055	-0.70195
4979	YNL251C	3.9141	4.364975	3.8375	-0.893075	0.032275
4984	YNL256W	0.38035	2.24615	2.27465	-1.127225	0.51985
4992	YNL264C	-0.774325	-0.689525	-0.71355	0.31925	-0.532566667
5004	YNL276C	-1.65415	-1.284725	-0.6952	-0.5354	-1.115775
5005	YNL277W	-1.22525	-0.1721	0.150725	-0.69085	-1.04245
5009	YNL281W	-1.20605	-3.19435	-2.3187	-0.751125	-1.0491
5027	YNL299W	1.86485	2.17035	1.9303	-0.542933333	-0.239025
5029	YNL301C	-0.559525	-1.0172	-0.94355	-0.901175	0.0292
5032	YNL304W	-1.54545	-1.5046	-1.22375	-0.001775	-0.157033333
5033	YNL305C	-2.023325	-2.465125	-2.03695	1.3205	2.00555
5034	YNL306W	-1.058125	-0.74995	-0.838025	-0.17535	0.093525
5036	YNL308C	1.000675	1.036775	1.80475	-1.835775	-0.32765
5038	YNL310C	-1.606625	-1.8669	-1.552925	0.151525	-0.404725
5040	YNL312W	-0.52825	-1.318725	-1.638175	0.375775	-1.0791
5062	YNL334C	-1.038925	-1.281775	-1.3575	0.07165	-0.305525
5068	YNR001C	-1.037175	-0.856225	-0.888075	1.8669	1.76825
5071	YNR004W	0.641975	1.0256	1.581025	0.5199	0.2045
5075	YNR008W	1.121075	1.671375	2.000125	-0.487225	0.3382
5079	YNR012W	0.7661	1.45295	1.34215	-0.9261	0.041475
5091	YNR024W	1.5401	1.10635	0.829775	-1.1669	-0.8535
5099	YNR032W	1.268775	0.8447	0.75065	-1.363175	-1.305525
5117	YNR050C	-0.8425	-0.881475	-0.837175	0.0035	1.011675
5120	YNR053C	2.187975	2.33475	1.8894	-1.2904	-1.424833333
5121	YNR054C	0.791775	1.18925	1.5045	-1.620375	-0.710875
5131	YNR064C	-0.82065	-0.72505	-1.434975	0.02795	-1.09655
5138	YNR071C	1.356875	0.9567	0.179825	0.3007	-0.495133333
5145	YOL001W	1.119125	0.597075	1.133175	-1.09255	0.390025
5146	YOL002C	4.48805	4.964575	5.099	-1.81885	-2.4439
5147	YOL003C	-0.542625	-1.499575	-0.6389	0.443525	-0.1693
5154	YOL010W	1.9801	3.0938	1.500075	-1.53485	-1.2122
5170	YOL026C	-1.772025	-1.916225	-1.731725	0.7998	-0.315325
5171	YOL027C	1.03865	1.793825	1.685275	-0.772175	0.05945
5176	YOL032W	-2.3885	-1.537425	-1.473866667	-0.030675	1.5377
5178	YOL034W	-1.049075	-0.92675	-0.364875	0.0313	0.265125
5180	YOL036W	-0.385125	-0.24765	0.012975	-2.798875	1.628225
5185	YOL041C	1.99665	2.445025	2.127	-0.937525	-1.280775
5193	YOL049W	-0.66725	-0.774525	-1.41825	-0.066975	0.011475
5194	YOL050C	0.997425	0.87715	0.650325	-0.60935	-0.447
5196	YOL052C	-0.1806	-0.273875	0.00935	-1.29425	-1.465525
5197	YOL052C-A	-0.829775	-0.571075	-0.19135	2.736475	2.014075
5215	YOL070C	-1.414475	-1.7451	-1.069725	0.03595	-0.161425
5223	YOL079W	1.698875	2.590275	2.894075	-2.020075	-0.6806
5224	YOL080C	1.788625	1.9547	2.88345	-2.124	-0.924275
5226	YOL082W	-1.699775	-1.29175	-1.48365	1.49625	1.2055
5227	YOL083W	-0.69485	-0.4728	-0.795175	0.8384	0.967775
5230	YOL086C	-0.58265	-1.0209	-1.459575	-0.36185	-0.068925
5238	YOL094C	-0.159225	-0.28795	-0.6065	-0.190425	-1.285525
5245	YOL101C	6.894575	6.567875	5.255825	-3.765775	-4.1142
5246	YOL102C	-0.538575	-1.12995	-0.5339	0.254	-0.548225
5251	YOL107W	-0.828233333	-2.242075	-1.268675	0.86785	0.19205
5260	YOL116W	-0.27185	-0.72405	-0.8889	-0.3868	-0.180775
5261	YOL117W	-0.7345	-0.614325	-0.864533333	0.39255	0.609725
5264	YOL120C	-0.65745	-0.362525	-1.53075	-0.72805	-0.343475
5266	YOL122C	-1.36825	-0.689175	-1.228675	0.2878	1.444825
5267	YOL123W	2.1189	3.600325	3.574625	-2.3867	0.733675
5268	YOL124C	2.67835	2.41575	1.9096	-2.6598	-1.262225
5269	YOL125W	0.789275	1.212675	1.11135	-1.04475	-0.102225
5270	YOL126C	-0.921425	-1.446925	-1.769975	-0.843725	1.49605
5271	YOL127W	-1.492875	-1.02335	-1.0317	-0.73935	-0.39905
5286	YOL142W	1.619575	2.1355	1.8003	-1.078075	-0.9586
5290	YOL146W	-0.817625	-1.028625	-1.28	-0.3125	-0.16545
5291	YOL147C	-0.5997	-1.1447	-1.54415	-0.903875	0.826075
5303	YOL159C	-1.641675	-1.2274	-1.379	0.1179	0.44185
5306	YOL162W	0.5256	0.741425	1.234575	-0.207275	0.287125
5314	YOR004W	2.53555	2.95525	2.9268	-2.268375	-2.017025
5316	YOR006C	1.164725	0.890375	0.412425	-0.793325	-0.335975
5317	YOR007C	-1.1413	-0.5185	-0.298475	0.345275	-0.835575
5318	YOR008C	2.3937	1.39125	1.73035	-0.050725	-0.19235
5319	YOR009W	1.8844	0.983275	1.41765	0.585575	0.3179
5329	YOR019W	0.4173	0.9553	0.936325	0.5295	0.22445
5331	YOR021C	0.2631	2.0541	2.73815	0.1449	0.64
5333	YOR023C	1.0845	1.58265	1.6812	-0.405875	-0.154233333
5337	YOR027W	-1.48305	-2.302125	-2.3801	-1.458	-1.2408
5338	YOR028C	1.443866667	1.912175	2.595	0.326375	-0.001875
5353	YOR043W	2.436425	2.165225	2.67245	-0.410925	-0.433675
5357	YOR047C	1.7114	1.3016	1.958933333	-1.3689	-0.594775
5366	YOR056C	2.323725	2.543375	2.0163	-0.147975	-0.585575
5372	YOR062C	1.847075	0.8935	1.18255	-0.622375	1.161875
5375	YOR065W	-0.319225	-0.7742	-0.86575	0.730325	1.353525
5384	YOR074C	-1.028025	-1.801575	-2.28105	0.95985	0.476725
5388	YOR078W	1.301725	1.257325	0.70295	-1.1501	-0.9475
5390	YOR080W	-1.1495	-1.302225	-1.007675	-0.48585	-0.2936
5394	YOR084W	-0.83785	-1.6649	-0.5938	0.792575	0.11835
5398	YOR089C	1.07025	1.02425	0.92875	-0.588775	-0.446775
5401	YOR092W	1.68685	0.336925	0.4525	-1.500125	0.4256
5404	YOR095C	1.675375	1.607075	1.691875	-1.723625	-0.905875
5406	YOR097C	-0.8301	-1.18425	-1.535	0.78955	0.2233
5410	YOR101W	3.581275	2.686975	2.1533	-2.7645	-0.86795
5414	YOR105W	0.343475	0.599266667	1.30155	0.003125	0.766333333
5416	YOR107W	4.540675	3.404275	3.01905	-0.777875	0.54965
5417	YOR108W	0.561225	1.0476	1.553375	-0.4984	0.2087
5426	YOR117W	0.813425	0.86155	1.206625	-0.07755	-1.228425
5427	YOR118W	0.91925	1.630175	1.16905	-0.052475	0.26675
5428	YOR119C	1.540975	2.0183	1.656575	-1.02215	-1.1199
5429	YOR120W	0.915	1.03535	0.5871	1.890325	2.2203
5430	YOR121C	0.763866667	0.366466667	0.8429	2.2229	1.666766667
5433	YOR124C	-0.813625	-0.6934	-0.61675	-0.155225	-0.068075
5434	YOR125C	-0.395675	-0.50825	-0.526425	0.489075	0.517325
5444	YOR135C	-2.017525	-2.689775	-3.129225	-0.401525	0.117125
5445	YOR136W	-2.42455	-2.899925	-3.93395	-0.731625	0.454975
5454	YOR145C	2.09885	1.73725	1.75885	-1.945175	-1.681025
5455	YOR146W	1.36915	1.659875	1.298875	-1.2338	-0.753725
5456	YOR147W	2.055725	1.939975	2.019525	-0.114075	0.531325
5457	YOR148C	-0.231725	0.219375	0.482175	-0.109325	1.052
5460	YOR151C	-1.2684	-0.312475	-0.07915	-0.3103	0.1899
5463	YOR154W	0.5511	1.53145	1.373666667	0.063666667	-0.63045
5470	YOR161C	-0.695325	-2.0332	-1.737825	3.9291	2.725375
5472	YOR163W	-0.6859	-1.629625	-1.358025	0.79115	0.20805
5473	YOR164C	-0.735275	-0.8346	-0.472675	0.984825	0.0229
5482	YOR173W	-0.7952	-0.3652	-0.584275	2.9084	2.1528
5487	YOR178C	-1.24195	-1.81865	-1.10675	-0.0379	0.1988
5494	YOR185C	-1.003825	-1.404325	-1.203425	2.22475	1.0521
5509	YOR200W	0.655575	1.142375	1.389175	-1.0334	-0.19055
5510	YOR201C	0.53225	1.358325	1.344375	-0.56825	-1.057533333
5515	YOR206W	0.251525	2.475525	2.149625	-0.276425	0.395066667
5518	YOR209C	0.458125	0.7953	1.03895	-0.438	0.10115
5519	YOR210W	-0.51175	0.800875	1.235	0.4259	0.894825
5521	YOR212W	1.385533333	1.3308	1.221333333	0.352766667	0.461433333
5522	YOR213C	0.770925	0.81565	1.229	-0.734275	-0.72065
5523	YOR214C	1.805125	1.8301	1.10275	0.445425	-1.279466667
5524	YOR215C	0.006625	0.454825	0.470925	2.0012	2.0706
5529	YOR220W	-2.33455	-1.7722	-0.5907	0.529525	3.12345
5534	YOR225W	-2.142625	-2.291325	-1.161175	-0.6026	-0.893575
5537	YOR228C	2.196525	0.9801	0.9749	-1.104725	-1.09085
5546	YOR237W	1.7175	1.520575	2.03985	-0.05815	0.030125
5549	YOR241W	0.74995	0.44705	0.6885	-0.409425	-0.161725
5557	YOR249C	0.23565	0.3246	1.02115	0.209075	0.126075
5560	YOR252W	1.19665	0.766175	1.80485	-1.55735	-0.788475
5570	YOR262W	1.586725	1.094525	1.602825	-1.1064	-1.0902
5571	YOR263C	-0.6015	-0.531825	-1.402775	0.246125	-0.8205
5572	YOR264W	-0.384725	-1.335275	-1.9737	-0.050425	-1.3495
5577	YOR269W	1.772475	1.3361	1.15505	-0.07305	-0.12025
5580	YOR272W	2.437875	1.8339	2.0489	-1.921925	-0.887825
5582	YOR274W	1.112	0.624775	1.522925	-1.128025	-0.804175
5587	YOR279C	0.553733333	0.614366667	0.965475	-0.2993	-0.8228
5591	YOR283W	1.64515	1.67115	1.949925	0.560125	0.1645
5593	YOR285W	-0.761325	-1.165125	-1.086275	4.5717	2.616375
5595	YOR287C	2.5025	2.21655	1.77135	-1.0794	-1.011825
5597	YOR289W	-0.814575	-0.264275	-0.581675	2.376025	3.03185
5600	YOR292C	-1.9857	-1.7773	-1.240225	0.757725	0.04195
5602	YOR294W	1.923075	2.4716	2.44035	-1.8753	-1.2022
5609	YOR301W	-2.031575	-1.287475	-2.0884	-0.0256	-0.30385
5611	YOR303W	1.2316	2.051025	2.264625	1.0243	2.541375
5615	YOR306C	2.28325	2.2265	1.5265	-0.409425	-0.26755
5618	YOR309C	1.11815	1.0909	1.310925	-1.664775	-0.780925
5619	YOR310C	0.51625	2.0087	1.58865	-1.467575	-0.355275
5622	YOR313C	-1.713275	-0.777675	-0.309	-0.718525	-1.209
5624	YOR315W	-1.80345	-1.00355	-1.01415	-3.10165	-2.79775
5625	YOR316C	0.52655	0.787775	0.78405	0.6351	0.66285
5626	YOR317W	-1.1108	-0.840133333	-0.15325	2.205825	3.359675
5647	YOR338W	4.897275	2.691675	0.316975	-1.106275	0.60305
5648	YOR339C	4.288425	3.5143	2.965925	-0.252766667	0.6312
5649	YOR340C	0.81315	0.848325	0.5393	-1.7469	-0.7051
5651	YOR342C	2.28795	1.832475	0.7514	0.272225	-0.652375
5661	YOR352W	-0.3743	-1.09725	-1.805075	0.245575	0.097075
5665	YOR356W	0.602375	1.114225	0.675975	0.2332	1.0311
5666	YOR357C	-1.963	-1.55705	-1.781375	1.2297	1.01685
5668	YOR359W	2.631225	1.3219	1.1265	-0.415325	-1.683
5669	YOR360C	3.23195	2.76125	1.218	-1.218775	-0.248225
5676	YOR367W	-1.27645	-1.70175	-2.315075	0.68095	-0.31185
5684	YOR375C	-1.30815	-2.715875	-3.18485	-1.5312	0.79975
5686	YOR377W	1.133675	1.94335	2.222525	-2.34305	-2.469675
5691	YOR382W	-1.4677	-1.37905	-2.91665	2.17785	0.784825
5699	YOR390W	0.736575	1.2684	1.291125	-0.462825	-0.663766667
5707	YPL004C	0.2193	-0.21135	-0.448375	2.8338	2.526525
5718	YPL015C	-0.742875	-0.058675	-0.009125	-0.198575	-1.025075
5721	YPL018W	-1.280225	-0.510775	-0.213625	1.426	1.246675
5733	YPL030W	1.508275	2.0022	2.3993	-0.87215	-0.662725
5734	YPL031C	-2.40985	-1.942475	-2.400675	0.245625	-0.3548
5737	YPL034W	-1.22985	-1.2269	-0.047825	-0.221666667	-0.572825
5742	YPL039W	2.08175	1.425225	0.7888	0.3242	-0.4579
5745	YPL042C	3.308575	2.7741	2.4465	-0.3042	-0.108575
5746	YPL043W	2.13315	3.3466	2.52945	-1.357825	-0.314175
5747	YPL044C	2.49105	2.5553	2.667075	-1.3748	-0.407325
5751	YPL048W	-0.6673	-0.644275	-1.25415	0.22605	0.321475
5752	YPL049C	1.023925	1.54075	0.87355	-0.4037	-0.609725
5754	YPL051W	0.6493	1.351625	1.60885	-0.75025	0.45275
5755	YPL052W	2.3832	2.305875	3.59455	-0.343	0.365475
5756	YPL053C	0.0138	0.14345	0.84535	0.1711	0.951225
5757	YPL054W	1.71925	0.8748	0.24915	0.661	0.4027
5760	YPL057C	2.228825	1.171475	-0.6962	0.7558	2.101075
5762	YPL059W	-1.553725	-1.04485	-1.657375	0.290575	1.149975
5763	YPL060W	-1.03215	-1.046875	-1.097	0.72185	0.471775
5768	YPL065W	-1.589075	-1.684475	-1.7185	0.0972	-0.249025
5770	YPL067C	-1.6556	-1.9289	-1.4143	0.46125	0.595925
5771	YPL068C	1.9305	2.381425	1.7816	-0.927625	-0.77165
5772	YPL069C	1.935425	1.797333333	1.450925	-0.1262	-0.4519
5773	YPL070W	0.94395	1.763	2.239325	-0.756875	-0.21215
5785	YPL082C	-1.06855	-1.153325	-1.063775	-0.096225	-0.51575
5789	YPL086C	1.3671	1.683225	2.00015	-1.401925	-0.165225
5791	YPL088W	2.0251	1.449575	2.57665	0.57755	0.952525
5795	YPL092W	1.650725	1.1321	1.4267	-1.12965	-0.256325
5796	YPL093W	3.10005	4.102125	3.2612	1.2132	1.569675
5808	YPL105C	1.372	1.4934	0.928175	0.4274	-0.090625
5814	YPL111W	-1.81095	-2.1052	-2.929225	-0.93735	0.905925
5821	YPL118W	1.22985	1.97095	1.694075	-0.8568	0.379575
5823	YPL120W	-1.2992	-2.338425	-1.357975	-0.16255	0.382425
5826	YPL123C	-1.276625	-1.616125	-2.298575	1.15645	1.440025
5837	YPL134C	0.619125	0.416975	0.416975	-0.25755	0.57425
5843	YPL140C	0.714625	0.5597	0.5766	-0.7816	0.47235
5844	YPL141C	-0.585575	-0.4587	-0.225475	0.4074	1.183675
5847	YPL144W	-0.6424	-1.5672	-1.747733333	0.852075	-0.325075
5856	YPL153C	-0.499425	-0.07485	-0.50205	1.384	0.708875
5857	YPL154C	0.091625	-0.377125	-0.2434	2.7119	2.167125
5858	YPL155C	-0.757233333	-0.289133333	-0.501766667	0.559866667	1.263933333
5860	YPL157W	1.32785	1.035325	0.59865	0.11955	-0.350275
5862	YPL159C	2.75805	2.266175	1.958125	-0.422875	0.172225
5869	YPL166W	1.718433333	1.345075	2.773066667	1.311525	-0.25115
5880	YPL177C	-0.641825	-0.7056	-1.52095	-0.38955	0.1215
5881	YPL178W	0.931775	0.921725	1.5693	0.135625	0.4258
5882	YPL179W	3.17075	2.514925	1.863675	0.400525	0.280175
5885	YPL182C	1.1474	0.834375	0.575175	0.4328	-0.427125
5888	YPL185W	1.4373	1.07025	1.5193	-0.062433333	-0.3617
5889	YPL186C	-0.569425	-0.25465	-0.317175	1.631375	1.401125
5896	YPL193W	1.614875	1.739475	2.396125	-0.048375	1.48605
5899	YPL196W	-0.388625	-0.85365	-1.8876	0.33775	0.07025
5902	YPL199C	-1.436266667	-1.429066667	-2.192866667	0.7817	0.3768
5904	YPL201C	2.183675	1.8759	1.01465	0.147075	0.4852
5905	YPL202C	1.750675	0.734175	0.25245	0.269875	-0.640775
5907	YPL204W	1.3998	2.2049	0.861475	-0.44265	-0.432325
5908	YPL205C	1.47	1.1253	0.5051	-0.417875	-0.18095
5909	YPL206C	-0.18625	-0.6961	-1.4682	0.47845	0.744975
5911	YPL208W	-0.51325	-1.2096	-1.320575	-0.18045	0.30955
5914	YPL211W	0.9448	2.186175	2.244125	-1.24345	0.8003
5915	YPL212C	1.1551	1.7083	1.8282	-1.2146	-0.5797
5927	YPL224C	0.330775	0.55795	0.79855	1.4429	0.125475
5932	YPL229W	2.001575	1.009425	0.15245	-0.353325	-0.465425
5938	YPL235W	1.39375	1.52225	2.141266667	-0.449825	-0.369925
5940	YPL237W	-0.0002	0.60385	0.6991	-1.142125	-1.192
5944	YPL241C	-1.9173	-1.215075	-0.839475	0.59425	0.338775
5946	YPL243W	1.41885	1.007	1.615	-0.273675	-0.41375
5948	YPL245W	2.227825	2.203425	2.28555	-0.252225	-0.95735
5953	YPL250C	1.2741	2.9021	2.584625	-0.563425	-0.293125
5957	YPL254W	1.94145	2.807725	2.182375	0.199825	0.02895
5960	YPL257W	0.602325	0.684425	0.99205	0.331975	0.360425
5962	YPL259C	0.90355	0.3396	1.2181	0.333375	0.3589
5965	YPL262W	-0.74985	-1.668025	-1.306875	0.201375	0.636275
5969	YPL266W	0.039275	0.95125	0.9546	-1.3666	-0.830825
5970	YPL267W	-2.1847	-1.32995	-1.109575	0.56355	-0.362
5975	YPL272C	0.744275	1.492075	2.372366667	-0.436675	-0.196075
5977	YPL274W	-1.278075	-1.234275	-0.6493	0.875575	-0.930675
5990	YPR004C	-0.52205	-0.57145	-0.602075	-1.88445	0.974925
5994	YPR008W	1.15065	1.932675	0.48425	-0.79925	0.89575
5995	YPR009W	1.472625	1.798625	1.4887	-1.052425	-0.63205
5999	YPR013C	0.932175	1.010525	0.49875	-0.354275	-0.23505
6001	YPR015C	1.5161	2.06535	0.55725	-0.3985	-0.508966667
6002	YPR016C	1.724975	0.987	2.602175	-0.444725	-0.0756
6014	YPR028W	0.13745	-0.127225	0.4616	0.8029	2.0315
6018	YPR032W	1.636675	1.574525	1.763433333	-0.57665	-1.030775
6021	YPR035W	0.7754	-1.017775	-2.629025	0.322425	3.03755
6027	YPR041W	1.5396	1.358925	1.521175	0.8227	-0.1679
6033	YPR047W	0.98845	0.693375	1.21205	-0.059375	0.019225
6046	YPR060C	1.081525	1.2099	1.088625	-0.324425	-0.711925
6053	YPR067W	-1.460275	-1.730525	-1.6919	0.6711	0.034575
6055	YPR069C	-0.81475	-1.411625	-1.28265	-0.94755	0.320675
6068	YPR082C	-1.1706	-1.948725	-2.009375	-1.638625	-0.03785
6077	YPR092W	-0.439875	0.20755	-0.256575	0.972225	0.397975
6083	YPR098C	-0.63295	-0.6805	-0.9969	1.2308	1.075475
6088	YPR103W	-0.468725	0.4325	0.689625	1.205625	-0.36125
6095	YPR110C	0.788425	1.99565	1.4373	-1.569075	-0.6675
6097	YPR112C	0.9982	0.8631	1.0277	-0.2813	-0.018075
6098	YPR113W	-0.5414	-0.52265	-1.24755	1.0718	1.044625
6099	YPR114W	0.58785	1.28675	0.7051	-0.393875	-0.79625
6106	YPR121W	-0.38135	0.49655	0.499325	0.406475	1.2313
6116	YPR131C	-1.2821	-1.2604	-1.71625	0.2558	-0.4262
6121	YPR136C	1.9589	2.4084	1.600025	-0.011366667	-0.5833
6122	YPR137W	1.9841	2.63755	2.28845	-0.218375	-0.65845
6127	YPR142C	1.9084	2.5496	2.451225	-1.478125	-0.81
6128	YPR143W	1.79115	2.404525	3.316075	-1.422375	-0.575525
6129	YPR144C	0.9121	1.33215	0.90565	-0.46205	-0.566875
6131	YPR146C	-0.863775	-0.507375	-1.47665	-0.1682	-0.71605
6132	YPR147C	-0.302775	-1.098875	-1.219066667	0.04205	-0.772425
6134	YPR149W	-2.74315	-3.388825	-3.4859	1.466575	2.167
6141	YPR156C	-1.30305	0.729225	1.428825	0.217175	2.8308
6142	YPR157W	-2.372225	-0.973675	0.558666667	1.171766667	2.44185
6143	YPR158W	-3.66555	-2.16125	0.891466667	-0.827525	-0.143525
6149	YPR164W	-0.0193	1.37875	0.668425	-0.25175	0.761425
6150	YPR165W	0.51725	-0.1904	-0.0123	1.25315	1.19665
6152	YPR167C	-0.253025	0.0361	0.858475	-1.11855	-1.865925
6154	YPR169W	0.2909	0.528025	0.695625	-1.70945	-1.092525
6156	YPR171W	0.916425	0.2024	0.591275	-0.540975	-0.478875
6157	YPR172W	-1.479875	-0.662425	-1.008775	0.896375	0.024
6163	YPR178W	-0.453	-1.151175	-0.581725	-0.139175	-0.8416
6165	YPR180W	-1.578675	-1.343825	-1.711	-0.103325	-0.045725
6167	YPR182W	-0.731425	-1.18585	-0.73145	-0.866175	-0.854275
6175	YPR190C	1.63	1.911275	1.3914	-1.02565	-0.257225
6177	YPR192W	-0.1937	-0.707025	-0.9501	0.529225	0.25175
6181	YPR196W	-1.1432	-0.3803	-0.884975	-0.1799	0.044475
