SPOT	Gene Symbol	15m	30m	60m	90m	120m
7	YAL008W	-1.02925	-0.7875	-0.706675	0.43415	1.37025
11	YAL012W	0.057475	0.291925	-0.288625	-2.5086	-1.8546
24	YAL025C	2.5684	2.7671	1.7096	-1.567475	-1.518
27	YAL028W	-0.4404	-0.8336	-0.792425	0.181725	-0.826866667
33	YAL034C	0.39605	0.933725	0.6427	0.240625	-0.113666667
41	YAL040C	3.629675	3.91115	0.480225	-0.624875	-0.2896
46	YAL044C	-1.533075	-1.40655	-1.5448	0.24445	3.9169
51	YAL049C	-1.0273	-1.17755	-1.983266667	0.0571	0.3791
53	YAL053W	0.323475	-0.23725	-0.850325	-0.45615	0.0021
56	YAL056C-A	-0.2846	-1.253	-1.304325	-1.422125	0.399
59	YAL059W	1.994325	2.61385	1.67045	-2.33815	-2.367533333
60	YAL060W	-1.485875	-1.8536	-2.46	-2.0241	2.2554
62	YAL062W	-0.3203	-0.20925	-0.712975	-0.37825	0.237466667
63	YAL063C	-1.160575	-1.188175	-1.00405	-0.602075	2.987
74	YAR007C	-0.0386	-1.023725	-0.6773	-0.450625	-0.714633333
79	YAR015W	-0.36725	-1.070975	-1.3753	-1.08845	1.8268
80	YAR018C	-0.47915	-0.587825	-0.339575	0.07445	0.086033333
84	YAR027W	-1.63245	-2.362375	-1.139975	0.4777	0.446733333
86	YAR029W	-0.26135	-0.554525	-0.41135	0.082425	-0.6355
88	YAR031W	-0.712775	-0.6639	-0.306475	-0.1239	-0.505633333
92	YAR040C	-0.258966667	-0.635425	-1.0557	-0.669025	-1.0394
108	YAR073W	-0.5626	-0.24865	-1.791475	-4.401575	-1.2364
109	YAR074C	-0.270725	-0.25075	-0.877575	-3.647925	-1.057833333
110	YAR075W	-0.3003	-0.40325	-0.9572	-3.731275	-1.058066667
117	YBL005W-B	-0.496325	-0.592525	-0.7337	-2.6429	-1.7716
122	YBL010C	-0.617625	-1.048225	-0.743125	0.283225	0.868775
128	YBL016W	1.90725	0.983575	0.58215	-1.180525	-0.0842
129	YBL017C	0.7946	1.3766	0.772275	-0.9261	-1.051966667
151	YBL039C	1.562825	1.80485	0.44175	-3.0669	-2.396766667
152	YBL040C	-0.948	-1.4228	-1.03465	0.0049	0.270033333
154	YBL042C	1.62295	1.233375	0.57215	-0.568075	0.1521
162	YBL050W	-0.6023	-0.475825	-0.3607	0.3444	0.153766667
166	YBL054W	2.584325	3.154825	1.641575	-1.373325	-1.021533333
169	YBL057C	0.432575	-0.822725	-0.691	-0.61335	-0.240833333
182	YBL070C	1.6406	0.657075	0.490375	-0.651175	-0.404366667
205	YBL093C	3.06755	2.923175	1.1185	-1.075875	-1.2361
206	YBL094C	-0.977225	-0.939925	-0.7596	-0.140725	-0.138666667
208	YBL096C	-0.334625	-0.676875	-0.81715	0.1557	-0.627266667
214	YBL101W-A	-1.91635	-2.0209	-2.617525	-2.38385	-3.576666667
224	YBL111C	-1.957925	-2.054975	-1.670025	0.095133333	0.994133333
226	YBL113C	0.07895	1.165025	0.568975	1.165666667	0.140866667
228	YBR002C	1.18885	2.181	1.119875	-0.398366667	-0.885533333
239	YBR012W-A	-3.206633333	-1.650033333	-2.629175	-2.690625	-4.0592
249	YBR021W	1.52455	0.6202	0.521675	-0.371175	1.1306
254	YBR026C	-0.904975	-1.319975	-1.238225	-0.077325	1.078233333
256	YBR028C	0.877675	1.3758	1.169875	0.3661	-0.181733333
257	YBR029C	1.165625	1.679725	1.4664	-0.74115	-0.2125
258	YBR030W	1.199875	1.75465	1.25635	0.313675	-0.224266667
259	YBR031W	-1.316425	-1.611525	-1.23385	1.0688	-1.9908
261	YBR033W	3.733375	4.0072	2.639425	-1.696225	-2.0976
262	YBR034C	2.9383	3.501375	2.21735	-0.890025	-0.814833333
265	YBR037C	-1.151125	-1.009525	-0.785075	0.7824	1.6218
270	YBR042C	1.42245	3.39135	2.18705	-0.508	-0.687533333
271	YBR043C	2.124575	2.692225	1.7221	-0.705075	-0.295475
274	YBR046C	-0.64485	-0.45015	-0.210075	0.520966667	0.9499
277	YBR049C	0.2492	1.23275	0.5302	-0.5913	-0.419566667
278	YBR050C	1.0834	1.393925	0.72525	-0.590633333	-0.333866667
282	YBR054W	-1.4998	-2.957	-0.5967	-0.047266667	-2.586433333
287	YBR059C	-1.2079	-1.0392	-1.638175	-1.06705	-0.6855
291	YBR063C	0.57545	0.14615	-0.25365	-1.2132	0.2398
293	YBR065C	-0.08055	-0.207175	-1.47945	-0.77005	0.255
295	YBR067C	2.29775	3.0924	1.557775	-1.000275	-3.70025
297	YBR069C	2.07115	1.949525	0.84465	-1.078675	-1.444233333
310	YBR083W	-0.172125	-1.3213	-1.019433333	1.117225	1.11065
326	YBR097W	1.366775	2.1392	0.897225	-0.86935	-0.4769
333	YBR105C	6.7253	5.1615	0.840866667	-1.23605	-0.052633333
354	YBR126C	-0.912625	-1.26115	-1.08375	0.79395	-0.0284
369	YBR141C	0.778	0.8439	0.00055	-0.567675	-0.9468
376	YBR148W	-0.652833333	-0.4562	-0.7339	1.5584	1.51465
382	YBR154C	0.757425	1.1205	0.706266667	-1.2953	-1.248425
383	YBR155W	1.9782	1.70115	1.01805	-2.3309	-1.0847
392	YBR163W	1.366525	1.51695	1.1363	-0.023025	-0.36985
394	YBR165W	1.095725	1.280825	0.92925	-0.2647	0.282325
410	YBR181C	-0.34685	-0.9157	-0.736575	0.354925	-0.429625
421	YBR192W	0.3732	0.926575	0.39785	-0.138025	-0.124425
425	YBR196C	-0.9781	-1.338175	-1.658575	-1.683	-0.0161
434	YBR205W	-0.217175	-0.80245	-0.890525	-0.28725	-0.581625
436	YBR207W	1.38865	0.5997	0.398625	0.054975	0.55325
442	YBR213W	-1.262533333	-1.158675	-1.178725	-1.1551	-0.4251
450	YBR221C	-0.97865	-0.4196	-0.16275	0.1202	0.226425
463	YBR234C	-0.53825	-0.790725	-0.68665	0.405025	0.433175
465	YBR236C	-0.448275	-1.1632	-0.832325	0.003225	0.024525
476	YBR247C	1.59925	1.564575	-0.0638	-1.798	-1.508125
477	YBR248C	-0.761325	-0.848	-1.080175	-0.82735	0.271125
495	YBR266C	1.1441	2.716225	1.605625	-1.0124	-0.804175
496	YBR267W	2.3045	3.13625	1.629425	-0.616375	-1.17345
500	YBR271W	1.31975	2.208625	1.122275	-0.9784	-0.457
526	YBR297W	2.6211	1.871075	1.072875	-1.163275	-0.41365
528	YBR299W	1.287475	0.924225	1.0689	0.275025	0.15715
550	YCL022C	-1.3111	-1.73475	-0.988075	0.94865	0.82365
553	YCL025C	-0.0499	1.155425	0.428575	0.60105	-0.508825
560	YCL031C	1.821625	2.893775	1.596475	-0.782875	-0.5891
562	YCL033C	-0.787	-1.464675	-1.087625	-0.02825	0.119725
576	YCL047C	-0.785925	-1.5742	-1.52345	-0.38345	-0.12225
582	YCL053C	2.2495	2.516575	1.658375	-2.458225	-1.753166667
586	YCL057W	-0.943425	-1.4037	-1.6804	-0.9754	0.088366667
601	YCL076W	0.484	0.82515	0.20325	0.14945	-0.1393
609	YCLX09W	1.704825	2.72585	1.2019	0.932966667	-0.27655
610	YCLX10C	-0.761775	-1.02255	-0.410775	-0.828575	0.146325
617	YCR005C	0.592025	1.936575	0.31725	1.37745	1.6501
623	YCR011C	-0.6362	-1.081425	-1.38865	0.142225	0.98425
627	YCR015C	-0.2224	-0.274925	-0.333675	-0.038925	1.76425
636	YCR023C	-1.319	-1.114175	-0.936675	0.405125	-0.061325
644	YCR030C	-0.344475	-0.3991	-0.5822	-0.1835	0.246525
673	YCR061W	-0.782575	-0.805425	-1.03455	0.117975	0.110675
679	YCR068W	-0.47875	-0.9408	-0.783725	0.06085	-0.162975
680	YCR069W	-0.680325	-1.000725	-0.75955	0.282225	0.1478
682	YCR072C	2.1378	3.206275	1.782925	-1.3539	-0.34875
713	YCR103C	1.21695	2.1004	1.127125	-1.059175	-0.448425
721	YCRX04W	2.59215	2.20535	1.023025	-0.796225	-0.5772
729	YCRX12W	0.7067	0.9475	0.011975	-0.101675	-0.35235
734	YCRX18C	-0.4959	-0.805425	-0.9092	-0.2248	0.04515
737	YCRX21C	0.31605	1.154	0.6798	0.0862	-0.149925
739	YDL002C	0.386	1.3105	0.50655	-0.32565	0.248025
740	YDL003W	-0.82425	-1.23325	-1.040075	-0.561175	0.8281
753	YDL016C	1.398525	1.097425	0.721433333	-0.94825	-0.8493
754	YDL017W	1.49265	1.317433333	-0.50005	-0.4935	-0.57505
757	YDL020C	3.440425	2.736875	1.210475	1.055875	-0.461
759	YDL022W	-0.813625	-1.0242	-1.717375	1.00515	0.77995
773	YDL036C	-0.287675	0.03145	-0.906175	-1.5304	-0.70465
776	YDL039C	2.14485	2.05905	0.862825	-0.4685	-0.924433333
784	YDL047W	0.77175	1.45815	0.80205	-0.27385	-0.187575
786	YDL049C	1.88125	3.9274	2.5384	-0.593733333	-0.407925
800	YDL063C	2.037475	1.9036	0.294675	-2.7167	-1.6141
807	YDL070W	1.341025	1.862	1.629125	0.9283	0.245575
831	YDL094C	-0.53505	-0.94525	-0.689675	0.74475	-0.965075
838	YDL101C	-0.827	-0.891225	-0.42615	0.29045	-0.1986
840	YDL103C	-0.367925	-1.054	-0.889075	0.16165	0.153275
848	YDL111C	2.03485	2.21085	0.90445	-0.90925	-0.37335
859	YDL122W	1.625925	1.190975	0.8829	-1.144375	-0.22945
861	YDL124W	-1.8759	-2.078425	-1.669825	1.673825	1.176275
865	YDL128W	0.487875	0.905375	1.07195	1.877575	2.122125
866	YDL129W	2.09695	1.583575	1.06605	-0.963925	-1.425325
872	YDL134C	0.960475	1.363425	0.985075	0.6495	-0.1665
882	YDL144C	-0.66515	-0.940875	-0.6116	0.030925	-0.016275
888	YDL150W	2.3498	2.69705	0.641175	-1.70825	-1.4188
889	YDL151C	2.485225	2.221775	0.4992	-2.241075	-1.543975
891	YDL153C	1.628125	1.849075	0.9611	-2.68725	-0.9606
893	YDL155W	1.56555	1.243625	0.682	0.9699	-0.547525
902	YDL164C	0.2721	-0.4969	-0.5004	-0.80165	0.28935
910	YDL172C	-0.6224	-0.890125	-1.196225	-0.77655	0.5213
911	YDL173W	-0.6954	-0.5661	-1.072125	-0.5969	0.79235
919	YDL181W	-0.4545	-0.459425	-0.547775	0.416375	0.2818
921	YDL183C	1.30485	1.165725	0.6681	0.26795	-0.5313
922	YDL184C	-0.37865	-0.4604	-0.41385	-0.4487	0.22065
927	YDL189W	0.498475	1.1097	0.464175	0.369225	0.15435
949	YDL211C	2.292025	1.225525	0.8893	0.9261	-0.1914
951	YDL213C	1.027625	1.04665	0.675275	-2.03715	-1.095625
955	YDL217C	1.39105	1.264625	1.27355	-0.017825	0.468
957	YDL219W	-1.428525	-1.3752	-1.009875	-1.222625	0.23955
959	YDL221W	-1.461725	-0.906925	-1.117575	-0.15875	-0.561175
963	YDL225W	0.7883	1.187825	0.375225	-1.023675	-0.06015
975	YDL237W	-0.700825	-1.245575	-0.857	0.323875	0.419125
976	YDL238C	-1.006925	-2.0511	-0.991325	0.536925	0.7085
986	YDL248W	-0.708975	-1.07745	-0.4468	1.480175	0.5059
998	YDR012W	-0.734675	-1.29245	-1.133575	1.2657	-0.77285
1005	YDR019C	-0.786275	-1.253375	-1.4831	-0.1636	5.361425
1007	YDR021W	1.8306	2.16025	1.192825	-1.856775	-0.943175
1016	YDR030C	-0.701975	-0.65915	-0.20595	0.112875	0.414925
1028	YDR042C	0.952875	2.619	3.535225	3.227175	0.15365
1032	YDR046C	1.609825	3.0392	1.070075	0.0475	0.080925
1035	YDR049W	1.038275	1.47185	0.534775	-0.2763	-0.183825
1036	YDR050C	-1.30045	-1.1384	-0.3264	-1.309375	-0.868825
1051	YDR065W	-0.9325	-1.195375	-1.1764	-0.1097	0.0238
1052	YDR066C	-1.1425	-1.193625	-1.396975	-0.769	0.360725
1054	YDR068W	-1.092925	-1.412525	-1.019575	0.2824	0.29725
1055	YDR069C	-0.6749	-0.9383	-0.63135	-0.0036	0.59445
1061	YDR075W	3.39195	4.16565	2.204975	-0.855	-0.732
1067	YDR081C	0.4035	1.481275	0.97655	-0.68545	-0.120575
1070	YDR084C	-1.436475	-1.906825	-1.608475	0.66125	0.0489
1073	YDR087C	1.11125	2.30335	1.278725	-1.735575	-1.12475
1087	YDR101C	2.2377	3.62995	1.640375	-1.7758	-0.704075
1102	YDR116C	1.8972	2.0413	1.406225	0.1892	0.761575
1109	YDR123C	0.483625	1.913	1.0784	-0.0783	-0.064525
1111	YDR125C	0.33515	1.135575	1.902375	2.8698	2.331475
1126	YDR140W	-1.96345	-2.091025	-1.3786	0.07425	-0.1488
1128	YDR142C	1.1223	1.51605	0.940433333	0.01505	-0.134375
1137	YDR151C	1.902125	2.421025	1.53735	-0.17275	0.169575
1147	YDR161W	1.202325	0.9934	0.96155	-1.9291	-0.502
1150	YDR164C	0.07545	-0.61005	-0.74625	-0.573025	0.17675
1151	YDR165W	0.9058	0.83875	0.15195	-2.20845	-1.262925
1154	YDR168W	-0.2267	-1.0001	-0.93985	-1.599225	-0.557125
1155	YDR169C	0.87805	1.253425	0.87995	-0.33525	0.1805
1157	YDR171W	-1.415725	-3.011075	-0.9429	3.3841	3.89075
1160	YDR174W	0.628325	1.07555	1.3929	1.93115	-1.3859
1166	YDR179W-A	-0.710375	-1.213725	-0.62115	-1.666825	-0.174725
1171	YDR184C	2.017625	4.084	2.384625	-0.883075	-1.351
1182	YDR195W	3.0147	3.503675	2.2859	-0.028075	-0.252625
1191	YDR204W	-1.33875	-1.61235	-1.353375	0.29975	0.8836
1196	YDR209C	-1.96875	-2.19225	-1.54415	-0.214625	0.763175
1197	YDR210W	-2.16455	-1.867925	-1.3891	-0.9155	0.74745
1201	YDR214W	-1.20685	-1.8363	-1.4722	-0.60285	0.732975
1208	YDR221W	-0.54535	-0.3994	-0.41875	0.29535	0.815775
1210	YDR223W	0.88585	1.97505	1.5985	0.012975	0.40225
1215	YDR228C	0.6666	1.1526	0.776475	1.356025	-0.032475
1218	YDR231C	-0.908975	-1.03185	-0.965425	0.5998	0.694625
1224	YDR237W	0.9878	1.047475	0.36595	0.17865	0.7797
1227	YDR240C	1.189825	1.730975	1.1278	0.361825	0.10865
1245	YDR258C	-1.114725	-2.186325	-2.2594	-0.66245	1.028775
1246	YDR259C	0.3069	-0.14285	-0.305725	1.345225	2.651825
1259	YDR272W	-1.5724	-1.824575	-1.835925	-0.372025	0.36635
1261	YDR274C	2.9195	3.71365	1.012775	-2.778575	-2.68085
1262	YDR275W	1.317175	3.1203	1.753175	-0.792525	-1.032275
1264	YDR277C	2.25705	4.7216	1.3327	-0.4937	0.135925
1265	YDR278C	1.928266667	2.615325	0.89425	-1.23325	-2.39825
1267	YDR280W	2.018925	2.41325	0.972625	-0.719225	-1.325125
1274	YDR287W	-1.3023	-0.848075	-0.904325	-0.3974	0.25935
1286	YDR299W	2.528525	2.7377	1.133625	-2.497325	-1.0517
1290	YDR303C	1.893425	1.740325	0.45305	-0.795725	0.22495
1296	YDR309C	2.124	2.188425	1.25245	0.154775	-0.484
1299	YDR312W	2.086025	2.6522	1.2206	-2.257775	-1.196
1306	YDR319C	-0.7773	-1.302825	-0.6527	0.4277	0.524325
1309	YDR322W	0.9992	1.547525	0.503175	0.060275	0.962866667
1311	YDR324C	0.96705	2.04595	0.531925	-1.913475	-0.9441
1324	YDR337W	0.937975	1.3513	0.905475	0.0392	1.252525
1329	YDR342C	4.634825	3.152975	0.24395	-1.0113	0.2303
1330	YDR343C	3.923075	2.958433333	0.39245	-0.4577	0.523275
1332	YDR345C	4.70865	1.31825	0.658025	-2.31455	-0.4098
1333	YDR346C	2.22895	2.3006	0.89455	-1.27155	-0.65475
1336	YDR349C	-0.484	-0.2157	-1.3754	0.0821	-0.7258
1342	YDR355C	-0.530725	-0.776975	-1.63515	-0.798175	-1.3839
1344	YDR357C	-1.3678	-1.307625	-0.972525	-1.329	-1.31575
1346	YDR359C	-0.7312	-0.6366	-0.680725	-0.207725	-1.110925
1348	YDR361C	2.05065	1.983325	1.166325	-1.040025	-1.596375
1351	YDR364C	1.312425	1.557975	0.845775	-0.289675	-0.484825
1354	YDR367W	-0.8686	-1.1708	-0.380325	1.0618	-0.091266667
1355	YDR368W	-1.151475	-1.404725	-1.1639	-0.0196	1.337725
1357	YDR370C	1.99815	2.4053	1.20415	0.2206	-0.28935
1360	YDR373W	-1.29705	-0.900225	-0.54625	0.0123	-0.451625
1362	YDR375C	0.9977	1.886825	1.07595	0.45195	-0.4263
1367	YDR380W	-0.499375	-1.365075	-1.8953	-0.177633333	-0.44655
1385	YDR398W	3.206475	2.791625	1.171325	-1.555375	-1.297033333
1392	YDR405W	1.935325	1.2406	0.73155	0.04255	0.49815
1395	YDR408C	-0.756925	0.104925	0.0702	-0.049375	1.761375
1400	YDR413C	1.627725	2.1452	1.466975	-1.568125	-0.93895
1419	YDR432W	0.74535	1.3369	2.013875	5.973033333	1.980275
1430	YDR443C	-0.532075	-0.4383	-0.5614	-0.290025	-1.025025
1436	YDR449C	2.649575	2.097675	0.74725	-1.412075	-0.817375
1438	YDR451C	0.083725	1.328825	0.526475	0.073375	0.889375
1440	YDR453C	-1.505075	-1.299875	-1.20805	-1.1519	-0.089675
1450	YDR463W	0.558525	0.5846	0.340633333	-0.04915	-0.259525
1451	YDR464W	0.321675	0.848425	0.2947	-0.548875	0.0235
1452	YDR465C	1.17865	1.619375	0.41655	-2.022625	-0.7267
1457	YDR470C	-1.11225	-0.7199	-0.77295	-0.558875	-0.250825
1478	YDR492W	5.71605	5.671425	2.8001	-4.416175	-3.1192
1482	YDR496C	3.089325	2.663175	1.24635	-1.6648	-0.063833333
1487	YDR501W	-0.395275	-1.520125	-0.566225	-0.26575	0.130775
1489	YDR503C	-0.937025	-0.98785	-0.510875	0.237625	-0.29925
1494	YDR508C	2.59475	3.0917	1.245425	-0.195275	-0.04845
1495	YDR509W	1.811825	2.3562	0.913925	-0.38845	-0.38115
1500	YDR514C	1.459775	2.86255	1.68645	-0.181125	-0.497425
1502	YDR516C	-0.875	-0.485325	-0.613325	1.54015	1.795475
1503	YDR517W	-1.536975	-0.97325	-1.451275	0.56685	0.11585
1512	YDR526C	3.22825	1.71	0.431575	-1.32945	-1.428025
1513	YDR527W	2.523175	2.159366667	0.158766667	-0.94155	-1.8539
1517	YDR531W	-0.328675	-0.606366667	-0.314575	-1.5317	0.155375
1525	YDR539W	0.304975	-0.274825	0.011875	0.29455	0.651525
1536	YEL005C	-0.73405	-0.41535	-0.162675	0.142175	0.6545
1538	YEL007W	-2.69935	-2.624325	-1.3729	0.97635	1.5415
1542	YEL011W	-0.5276	-0.955225	-0.583825	0.461075	0.7962
1547	YEL016C	-1.29925	-0.564225	-0.683325	0.321675	0.98585
1563	YEL031W	-0.0675	-0.541975	-0.63245	0.4049	0.3234
1578	YEL046C	2.826	3.085175	1.777925	0.02975	-0.52775
1593	YEL060C	-0.21795	0.137675	-0.10145	0.1223	2.060225
1596	YEL063C	1.491825	2.0513	0.976275	0.40135	0.14565
1599	YEL066W	-0.635225	-1.00435	-0.94865	-0.86765	0.3564
1602	YEL069C	-0.67415	-0.883025	-0.731775	-0.628825	-0.666475
1609	YEL075W-A	-1.58425	-1.8269	-0.8771	0.771525	0.194625
1618	YER006W	2.1952	2.56695	0.5466	-2.659175	-1.576775
1632	YER019C-A	-0.18875	-0.805925	-0.96035	-0.63655	-0.018566667
1637	YER023W	-1.166675	-1.1064	-1.16665	-0.754325	0.101075
1638	YER024W	-0.299875	-0.2599	-0.7148	-0.63315	0.02585
1642	YER028C	1.335975	1.1193	0.360175	-0.900525	-0.629975
1644	YER030W	-1.2668	-1.004	-1.000975	-1.295375	-0.596725
1650	YER036C	1.580925	2.53745	1.251725	-0.65735	-0.78745
1656	YER042W	-0.3395	-0.467625	-0.45785	-3.1955	-2.03265
1671	YER056C	2.4643	1.676225	-0.00045	-1.4435	-0.6359
1678	YER061C	-0.3388	-0.538125	-0.820825	-0.17875	0.932925
1686	YER068W	0.699975	0.716175	0.456975	0.3701	0.058425
1687	YER069W	-0.38975	-0.65905	-0.594325	0.035675	0.50395
1688	YER070W	-0.6192	-2.004475	-2.445975	-2.723275	-0.746525
1696	YER078C	0.454625	1.016175	0.90275	0.634875	0.7475
1697	YER079W	-0.9081	-1.128875	-0.785225	0.56375	0.63385
1698	YER080W	-0.564925	-0.8111	-0.713325	-0.1688	0.188575
1699	YER081W	-0.141575	1.835975	1.476825	1.8367	0.52515
1700	YER082C	2.337025	1.458575	0.6201	-2.0435	-1.3257
1701	YER083C	-1.144275	-0.9389	-1.06675	0.299625	0.2937
1727	YER107C	1.003125	0.979425	0.61325	-0.03825	-0.06795
1738	YER119C	-0.8453	-1.6426	-0.7939	0.871575	0.079625
1746	YER126C	1.31055	1.93505	0.9728	-2.14785	-0.99495
1747	YER127W	1.60695	2.425675	0.783575	-1.655725	-0.6345
1767	YER147C	1.191425	0.762625	0.385775	-0.359075	-0.307475
1781	YER161C	0.47735	0.734125	0.532825	0.339225	0.38135
1783	YER163C	-1.11605	-1.310925	-1.095975	0.210075	0.31665
1784	YER164W	-0.54585	-0.11745	0.2655	1.200175	0.4523
1788	YER168C	0.8017	1.377225	0.59835	0.0509	-0.4335
1789	YER169W	1.6389	2.5169	1.074925	0.3012	0.2397
1791	YER171W	0.41355	1.604	0.8291	-0.36365	-0.8283
1795	YER175C	-2.0015	-1.39	-0.57835	1.2609	4.632366667
1814	YFL002C	1.356125	1.14085	0.29525	-0.40795	-0.70755
1822	YFL010W-A	-1.4141	-1.3575	-1.1786	-0.1929	-0.48835
1827	YFL014W	-0.52035	-0.977225	0.3777	8.26225	8.6437
1830	YFL017C	-1.2583	-1.88135	-1.47745	0.509025	-0.02515
1834	YFL020C	-0.378325	0.5054	0.540025	1.364825	0.357475
1836	YFL022C	-0.61425	-0.789825	-0.881225	-0.604825	-0.77595
1838	YFL024C	-0.466475	-0.6369	-0.61015	0.693775	0.179175
1839	YFL025C	-0.101475	0.076975	0.0095	1.439125	0.312125
1842	YFL028C	-0.487175	-0.0508	-0.0911	0.48975	1.0837
1843	YFL029C	-0.53945	-0.162325	0.206425	1.881325	1.14385
1858	YFL044C	-0.6568	-0.729675	-1.15575	-0.767825	0.451533333
1862	YFL048C	0.13195	-0.448175	-0.1993	0.360675	0.905466667
1867	YFL053W	-0.48235	-0.806325	-0.706725	-0.10165	-0.064325
1874	YFL060C	-0.565625	-0.866	-0.892125	-0.14605	0.0863
1876	YFL062W	-0.9754	-1.1079	-0.439225	2.166675	0.3775
1877	YFL063W	0.329575	1.095975	1.1157	0.216575	-1.445475
1879	YFL065C	-0.95895	-1.197075	-0.83435	0.448225	0.3231
1880	YFL066C	-0.624575	-0.369	0.009225	2.3006	1.72765
1881	YFL067W	0.027675	0.021575	0.040225	1.948975	1.301925
1906	YFR024C-A	-1.073875	-1.375575	-1.535325	-0.422725	0.646925
1912	YFR030W	-0.49945	-1.146825	-1.208075	-0.659925	-0.15415
1915	YFR032C	1.9031	2.139175	1.377075	0.41125	-0.0388
1922	YFR039C	-0.989525	-1.4454	-0.963775	0.118325	0.530275
1928	YFR045W	-0.238433333	-1.072825	-0.706875	-0.11695	0.3367
1930	YFR047C	-0.932525	-0.8819	-1.16945	-0.69405	0.393575
1931	YFR048W	1.6653	2.2276	1.072075	0.284675	-0.18605
1933	YFR050C	-0.5165	-0.592075	-0.673825	-0.01315	-0.7985
1936	YFR053C	0.32705	0.238725	-0.016925	1.376575	1.686175
1938	YFR055W	0.248225	0.976625	0.38475	-1.102375	-1.2294
1939	YFR056C	1.006225	0.676275	0.7854	-0.1786	-0.325033333
1952	YGL012W	-0.344175	-1.073875	-0.954125	-0.52275	0.294175
1956	YGL016W	-0.097675	-0.9955	-0.7871	-0.78	-0.521125
1957	YGL017W	1.172125	0.284225	-0.20845	-0.154075	-0.327275
1969	YGL029W	2.505875	3.114675	0.406325	-1.6532	-1.25145
1976	YGL036W	-0.450675	-0.560325	-0.29305	-0.427825	-0.4812
1977	YGL037C	-1.5212	-2.158125	-1.994275	2.893775	2.405725
1979	YGL039W	-0.68225	-0.0585	-0.4801	-2.077225	-1.937275
1983	YGL043W	-0.485675	-0.916125	-0.8317	-0.860325	-0.2914
1984	YGL044C	1.261175	2.148325	1.331575	-0.311775	-0.133975
1985	YGL045W	-1.0808	-0.916575	-0.514525	0.193975	0.225625
1986	YGL047W	-1.735825	-1.9971	-1.818775	0.809325	0.232425
1994	YGL055W	4.06175	5.397425	0.16015	-7.3543	-8.3024
1995	YGL056C	2.82025	2.70745	1.049675	-1.473725	-0.375125
2000	YGL061C	-1.54685	-2.06035	-1.22985	-0.3032	0.014725
2012	YGL073W	-1.30625	-0.646825	-0.2707	0.36275	0.7021
2017	YGL078C	1.29195	2.544925	2.03335	-1.26345	-0.997925
2018	YGL079W	-1.1987	-1.2702	-0.635075	0.848575	0.5608
2026	YGL087C	-1.5692	-1.271125	-0.82455	-0.826525	-0.149275
2037	YGL098W	0.25315	0.338375	0.939525	1.79925	0.597175
2046	YGL107C	1.735975	1.225025	0.842725	0.167325	0.719175
2047	YGL108C	-1.9015	-1.506833333	-1.6178	-0.57665	0.494225
2048	YGL109W	-1.127575	-0.953275	-0.818625	-1.270225	0.430425
2061	YGL122C	2.009125	1.8355	1.378825	-0.22805	-0.216325
2065	YGL126W	-0.5002	-0.7068	-0.95155	0.234825	-0.05585
2071	YGL132W	-0.2525	-0.7393	-0.7226	0.310375	-0.010175
2075	YGL136C	-0.4494	-1.99365	-1.010825	-0.076275	-0.461475
2079	YGL140C	-0.19285	-0.26815	-0.523725	0.343775	-0.15395
2082	YGL143C	-0.95655	-1.90135	-0.9447	0.710775	0.37155
2083	YGL144C	1.585625	1.255675	0.474625	-0.4666	-0.936975
2092	YGL153W	-1.58975	-0.736125	-0.8187	-0.425433333	-0.32915
2095	YGL156W	-0.3032	-1.1805	-0.9997	0.44115	1.1481
2096	YGL157W	-0.257075	-0.769775	-0.80375	-0.87605	0.6769
2108	YGL169W	1.333425	1.0614	0.7367	-0.299175	-0.162175
2109	YGL170C	4.1751	3.628075	2.738775	-1.225125	-1.9234
2112	YGL173C	-1.0553	-0.64665	-0.836075	0.005225	0.23125
2124	YGL185C	-1.143475	-2.02055	-1.325525	-0.570825	-0.204275
2129	YGL190C	1.8157	2.084825	-0.109875	0.332975	0.197475
2148	YGL209W	5.214575	2.005425	-0.11265	-0.177725	-0.865375
2150	YGL211W	0.814	1.168125	0.2824	-1.01045	-0.600375
2151	YGL212W	-0.6468	-0.686275	-0.7513	-0.005225	-0.41475
2160	YGL221C	-1.206075	-1.26885	-1.060275	-0.162975	0.0729
2163	YGL224C	-1.1038	-0.2094	0.52165	1.02145	0.6978
2168	YGL229C	-1.251725	-1.9759	-1.236675	1.270425	0.595
2174	YGL235W	0.674375	1.095525	0.387775	0.4891	0.3746
2175	YGL236C	1.46655	1.626825	-0.03285	0.5469	0.078725
2176	YGL237C	0.61845	0.997675	0.364475	0.833466667	0.58165
2181	YGL242C	-1.6241	-1.597225	-0.98085	0.541875	0.7056
2185	YGL246C	1.690425	2.245425	1.102725	-1.444775	-0.597725
2186	YGL247W	2.0751	2.477575	0.559925	0.04385	-0.909
2192	YGL253W	0.92175	0.970475	0.583975	-0.91935	-0.390533333
2194	YGL255W	4.47565	3.779575	3.67705	0.133325	0.885266667
2195	YGL256W	1.544675	1.660975	1.0997	-0.01065	-1.047175
2203	YGR001C	-1.304075	-1.37595	-0.81235	-0.196825	-0.5886
2216	YGR014W	-0.5959	-0.557875	-0.474475	0.117225	-0.162375
2218	YGR016W	-0.457375	-0.71375	-0.188975	0.698775	0.25745
2237	YGR035C	7.96275	6.365566667	1.425925	1.03935	-0.76615
2238	YGR036C	3.263375	1.496475	1.04345	-0.1769	-1E-04
2242	YGR040W	1.274625	1.0232	0.800075	-0.379525	0.259533333
2249	YGR047C	-0.286075	-1.177575	-1.3897	-0.623125	0.170125
2263	YGR061C	-0.597475	-0.70345	0.32585	6.395275	4.9092
2281	YGR079W	5.557025	5.086633333	0.846125	1.5421	-0.6231
2286	YGR084C	1.7646	1.503625	0.9485	-0.185975	1.145925
2288	YGR086C	-0.459875	-1.241675	-0.808	2.956275	1.59345
2290	YGR088W	-1.15585	-1.27715	-0.427275	2.337825	2.409775
2296	YGR094W	-0.073475	-0.8803	-0.9011	-1.70925	-1.61065
2297	YGR095C	1.139775	0.9447	1.09695	-1.3724	0.174325
2310	YGR108W	2.842575	4.2874	2.426175	-0.825775	-1.37395
2313	YGR111W	-0.225925	-2.0989	-1.123475	0.748025	0.2005
2329	YGR127W	-1.278466667	-1.199	-0.531675	0.848175	1.8364
2338	YGR136W	-1.957675	-1.7202	-0.273775	-0.003375	-0.6955
2339	YGR137W	-1.397375	-1.9621	-1.0614	0.25015	-0.2472
2343	YGR141W	-0.3361	-0.92665	-0.987775	-0.2148	2.206475
2344	YGR142W	-1.43365	-2.700425	-0.800925	1.770525	2.96715
2351	YGR149W	-0.314775	-0.846875	-0.67425	0.4639	1.141125
2353	YGR151C	2.1768	2.079675	1.2772	-0.52115	-0.4787
2357	YGR155W	1.545975	2.23735	1.665775	-1.995425	-0.813175
2361	YGR159C	3.506225	4.5319	2.7592	-1.85025	-1.867425
2362	YGR160W	3.569175	4.539725	2.21995	-2.576875	-3.53755
2363	YGR161C	2.067525	3.026	0.860225	0.8403	1.547425
2367	YGR165W	1.0825	2.074025	1.75685	-0.104166667	0.62015
2370	YGR168C	0.037075	0.5728	0.70765	-0.286525	-0.710175
2379	YGR177C	2.0795	3.061175	2.4205	-2.792925	-1.087725
2389	YGR187C	1.785375	1.233825	0.7011	-1.59415	-0.317175
2390	YGR188C	-1.492633333	-1.384325	-0.52125	-0.006025	0.121025
2396	YGR194C	-1.090925	-1.279775	-0.351375	0.454675	0.9177
2403	YGR201C	0.988525	1.10065	0.4787	-0.2133	1.1913
2404	YGR202C	1.0725	1.536575	0.560725	0.307375	0.99825
2409	YGR207C	-0.4851	-0.403125	-0.5614	-1.130825	0.310825
2413	YGR211W	1.1019	1.62225	1.381225	-0.0343	-0.741175
2430	YGR228W	1.2071	1.490325	0.706675	-1.9767	-0.310175
2431	YGR229C	1.73245	1.646725	1.483425	0.135975	0.45485
2436	YGR234W	-0.524025	-0.84935	-0.240375	-1.1783	-3.48445
2444	YGR242W	1.684166667	0.851375	0.693166667	-0.026025	0.668133333
2450	YGR248W	-3.06345	-4.40395	-2.83	3.270175	3.163575
2454	YGR252W	0.72915	1.295575	0.791925	-0.415775	-0.16235
2478	YGR276C	1.195475	0.78515	0.579175	-0.599725	-0.63905
2485	YGR283C	1.8296	2.07785	0.869225	-1.725175	-1.1451
2489	YGR287C	1.2993	0.737225	0.061175	0.162925	0.7109
2494	YGR292W	1.7363	2.463475	1.608725	0.365125	0.4873
2495	YGR293C	2.2928	2.1408	1.384475	0.28225	0.045475
2496	YGR294W	-0.4352	0.314625	0.24295	1.179625	-0.10805
2502	YHL004W	1.330925	1.547375	1.260075	0.14405	0.7004
2508	YHL010C	0.983675	0.87045	0.68145	0.147225	0.415725
2510	YHL012W	4.818625	6.124425	3.29895	-0.460933333	-1.230825
2511	YHL013C	2.009575	1.94255	0.634425	-1.4045	-0.6838
2521	YHL023C	-1.877075	-1.217566667	-1.267525	-0.7654	0.286025
2541	YHL043W	0.372925	0.743975	0.827175	0.6552	0.6614
2551	YHR002W	0.841025	1.04705	0.963275	0.405925	-0.167925
2553	YHR004C	1.612	2.3474	0.854125	-0.118125	0.092675
2565	YHR016C	-0.86935	-1.23475	-0.5652	0.75615	1.504475
2577	YHR028C	-0.97705	-1.6925	-1.5382	-0.264225	0.38385
2585	YHR036W	1.8778	2.07015	1.19655	0.04595	0.456575
2596	YHR046C	-1.20845	-1.4986	-0.83985	-0.934675	-0.132825
2599	YHR049C-A	2.69515	2.896175	2.217025	1.330325	0.4703
2600	YHR049W	3.490325	4.070425	3.032	2.6246	0.830925
2603	YHR052W	2.91825	3.20825	2.0999	-2.0326	-1.533
2617	YHR066W	2.707025	2.578266667	0.89025	-1.17175	-1.161625
2620	YHR069C	2.767	3.8497	0.815125	0.314366667	-0.337725
2633	YHR081W	1.769025	2.277325	1.88925	-1.49295	-0.539525
2637	YHR085W	3.003825	2.378	1.61265	-2.284325	-0.89375
2639	YHR087W	-1.327425	-1.174025	0.024475	3.85885	1.992025
2640	YHR088W	1.0407	1.853325	1.16285	-2.965375	-1.324075
2644	YHR092C	4.9471	4.73595	2.225025	-1.934925	0.072125
2646	YHR094C	3.35505	3.670625	0.7015	-3.068825	-1.86345
2648	YHR096C	2.842575	2.997225	1.03205	-1.4194	0.545625
2663	YHR111W	-1.213525	-1.522	-1.01775	-1.05765	-0.1794
2668	YHR116W	0.944875	1.291575	0.442275	0.6603	0.975525
2689	YHR137W	-0.576525	-1.17325	-0.986375	1.844875	1.1085
2694	YHR141C	0.27555	-0.7071	-0.75145	-0.036225	-1.74175
2702	YHR148W	2.26995	2.7378	1.635325	-2.195775	-1.642566667
2705	YHR151C	0.951275	1.12245	0.697775	0.030425	-0.5638
2707	YHR153C	-0.8267	-0.8287	-0.724575	0.3888	-0.01565
2721	YHR167W	2.66985	2.2804	1.4865	0.257925	-0.20825
2722	YHR168W	1.302175	1.415425	0.953	0.33695	0.692075
2723	YHR169W	2.758675	3.0565	2.448825	-0.700675	-0.493025
2724	YHR170W	2.90285	3.1324	2.253875	-1.588175	-0.496275
2726	YHR172W	-0.5623	-0.67335	-0.493775	-0.34745	-0.353966667
2749	YHR195W	0.52545	1.5636	0.9355	0.7774	0.9903
2750	YHR196W	2.341475	2.94005	0.983175	-1.851225	-2.214666667
2751	YHR197W	1.359925	2.044325	1.2128	-1.502775	-0.755675
2772	YHR216W	-0.35935	-0.10285	-1.178675	-4.2081	-0.88225
2773	YHR217C	-0.446825	-0.8132	-0.655075	0.29265	0.106
2774	YHR218W	-2.541825	-2.494075	-1.838925	0.415725	0.701475
2776	YIL001W	-1.40615	-1.88535	-1.2153	0.384775	-0.149275
2777	YIL002C	-0.840725	-1.4435	-1.032325	0.61975	0.313475
2789	YIL014C-A	-1.573875	-1.796275	-1.9424	-0.561775	-0.360225
2791	YIL015W	-0.1638	-1.7249	-1.88335	0.78325	0.062
2795	YIL019W	0.73795	1.75445	0.940425	-2.065875	-1.163275
2796	YIL020C	-1.166125	-1.62165	-0.929075	-0.201425	-0.50775
2818	YIL042C	2.3978	1.81635	1.36445	0.328833333	0.3352
2822	YIL046W	1.360225	2.15925	1.02655	0.284275	0.71505
2832	YIL056W	2.00915	2.419875	0.833875	-0.856475	0.094875
2867	YIL091C	2.645766667	2.5812	0.56535	-1.477175	-1.4527
2868	YIL092W	1.3304	1.333375	1.2079	-0.7841	0.297625
2870	YIL094C	-1.8373	-2.46525	-2.228975	-0.688225	1.002325
2872	YIL096C	1.58535	1.85775	0.871175	-2.520825	-1.72115
2887	YIL111W	-1.1469	-1.04455	-0.7592	1.538375	1.870325
2892	YIL116W	-0.948075	-1.1782	-0.808525	0.783875	1.774725
2894	YIL118W	2.111225	2.389625	1.270375	0.2988	-0.046725
2898	YIL122W	1.320175	1.787775	0.484725	-0.886633333	-0.993975
2900	YIL124W	-1.91115	-2.25735	-1.7651	-0.285433333	0.6416
2905	YIL129C	-0.786925	-1.81845	-0.694225	0.0941	-0.5693
2912	YIL136W	-0.953925	-0.5921	-1.04045	1.1255	1.648333333
2914	YIL138C	-0.5297	-0.664725	-0.869675	-1.8565	-0.238475
2933	YIL157C	-0.841075	-0.479425	0.06655	0.561475	1.07145
2944	YIL168W	-0.594125	-0.71985	-0.626675	-0.3218	0.5453
2946	YIL170W	1.417375	1.41705	0.907875	-0.929166667	-0.020925
2955	YIR002C	-2.122775	-1.60245	-2.525625	-1.1452	0.320575
2964	YIR011C	3.3717	2.23205	0.9882	-1.2748	-0.696675
2965	YIR012W	1.54275	1.870675	0.5053	-2.56645	-1.26945
2974	YIR021W	1.33185	2.254475	1.6173	0.42835	0.229975
2975	YIR022W	-0.972875	-0.410625	-0.48235	0.839925	0.601775
2979	YIR026C	1.96315	2.820475	0.7434	-1.633525	-1.19175
2987	YIR034C	-2.664825	-2.801225	-2.3006	0.387725	1.737175
2988	YIR035C	-1.746775	-0.99485	-0.016325	1.555725	0.776625
2989	YIR036C	-1.310325	-1.146	-1.253875	0.07895	1.618075
2998	YJL001W	-1.214575	-1.12345	-1.54455	-0.34785	-0.1464
3007	YJL010C	2.0843	2.1734	0.811825	-2.3892	-1.0063
3012	YJL015C	0.5152	0.679025	1.498675	0.108725	0.7173
3019	YJL025W	1.096475	1.8883	0.792075	-0.250475	-0.334
3027	YJL033W	1.675775	2.418025	0.81205	-2.064275	-1.1507
3029	YJL035C	2.590275	3.190025	2.78895	0.228175	-1.098325
3053	YJL060W	-0.496175	-0.980375	-0.927925	-0.49285	0.509475
3055	YJL062W	-0.450125	-0.6389	-0.386725	0.441333333	0.78435
3059	YJL066C	-1.253775	-1.134775	-0.801	0.09205	0.977875
3061	YJL068C	-1.37695	-2.009975	-1.9033	-0.358125	0.79335
3062	YJL069C	2.485825	2.006475	0.75865	-1.47945	-1.008325
3064	YJL071W	-1.122425	-1.0021	-1.066525	2.01405	1.653766667
3072	YJL079C	1.238633333	1.590725	2.1545	0.6649	1.02065
3081	YJL088W	-1.391275	-2.088675	-1.574325	0.345925	1.065425
3084	YJL091C	-0.865025	-1.417725	-1.1862	0.778125	-0.87055
3085	YJL092W	0.0895	-0.50675	-0.49585	-0.060075	-1.0379
3095	YJL102W	-1.95145	-0.7783	-2.20745	0.023433333	-0.162075
3103	YJL110C	1.352425	1.58875	0.385875	-0.971566667	-0.000925
3107	YJL114W	-1.505825	-1.599325	-1.293775	-0.40335	0.7891
3109	YJL116C	2.9967	3.59415	2.074475	-0.82245	-0.66175
3115	YJL122W	3.091633333	3.335025	0.6109	-1.600725	-1.3607
3127	YJL134W	-0.860375	-1.3235	-1.2147	0.861325	-0.39055
3138	YJL145W	-0.778025	-0.39365	-0.4471	-1.851675	-0.531375
3140	YJL147C	1.912475	1.986725	1.061675	-0.6447	-0.256
3150	YJL157C	0.58005	-0.38195	-0.646675	0.31975	0.166625
3152	YJL159W	0.058325	0.094225	0.35325	1.74265	0.824225
3157	YJL164C	-1.32825	-2.319775	-1.78185	1.341975	1.607
3166	YJL173C	-0.55645	-0.983875	-0.89505	0.010125	0.27495
3172	YJL179W	-0.592775	-0.845875	-0.5862	-0.200975	-0.632166667
3173	YJL180C	1.698425	2.15205	0.931175	-0.3322	0.1424
3184	YJL191W	2.428025	2.148875	2.213975	3.098725	0.203425
3201	YJL208C	2.202175	1.60485	0.751975	-1.667875	-0.314975
3202	YJL209W	0.8296	1.04345	0.85555	0.38055	-0.058075
3209	YJL216C	-0.8072	-0.54725	-0.17905	-0.460325	0.76185
3210	YJL217W	-1.46245	-1.6245	-1.087425	-0.98035	1.972975
3212	YJL219W	1.9591	2.2624	0.55765	-0.2909	0.352275
3216	YJL223C	0.315375	1.27195	1.0477	-0.217025	0.13075
3219	YJR002W	1.58785	2.34165	1.14405	-1.332025	-0.407225
3227	YJR010C-A	-1.156075	-1.23215	-1.377	-1.089225	0.5742
3262	YJR044C	-1.0636	-1.1235	-0.6648	1.337725	0.701775
3274	YJR056C	1.868	2.70395	1.628125	-0.46285	-1.114375
3275	YJR057W	-1.24665	-0.556475	-0.2877	-0.239925	-0.482425
3277	YJR059W	-1.134825	-1.521975	-1.018675	0.80935	0.870225
3279	YJR061W	-1.762525	-2.060125	-1.3687	0.25075	-0.236075
3281	YJR063W	0.5075	2.129625	2.29205	-1.408125	-1.24225
3304	YJR087W	1.304225	0.55485	0.5478	-0.96575	-0.1252
3310	YJR093C	1.669725	2.00425	1.622025	0.383275	0.377775
3314	YJR096W	-1.0818	-1.01925	-0.475275	0.58265	1.992975
3317	YJR099W	-0.96945	-1.74195	-0.74105	0.1758	0.618875
3318	YJR100C	-0.903525	-0.828175	0.68645	0.762825	0.528525
3319	YJR101W	1.0799	2.1481	1.668475	0.9678	0.191175
3324	YJR106W	-0.461025	-0.77165	-0.387575	0.387325	-0.200625
3329	YJR111C	1.72095	3.151075	1.699725	-0.4506	-0.300075
3335	YJR117W	-1.252125	-0.844	-1.164375	0.0801	0.4692
3337	YJR119C	2.1904	1.868	-0.098775	-1.132925	-0.715125
3338	YJR120W	-1.02465	-0.8699	-1.081475	-2.13	-1.21955
3347	YJR129C	-0.303075	-1.000833333	-0.9	0.0499	-0.387875
3358	YJR140C	-0.67725	-0.41125	0.1173	0.589625	0.082
3365	YJR147W	-1.211775	-1.189375	-0.951175	1.140675	-0.1601
3366	YJR148W	-0.84565	-1.377425	-1.26225	-1.1239	0.01155
3367	YJR149W	-0.085725	1.171325	1.1952	0.992675	-0.110275
3380	YJR162C	1.263766667	1.613	0.343025	0.6678	-1.4016
3385	YKL005C	1.643725	1.7386	1.196375	0.18155	0.101933333
3390	YKL009W	2.6286	3.128933333	1.422275	-2.3528	-1.275825
3408	YKL027W	1.322275	1.3651	-0.2792	-0.4328	-0.10725
3413	YKL032C	1.354975	1.549625	0.777225	0.657975	0.021675
3416	YKL035W	-1.478125	-2.139475	-0.978625	3.0743	1.8574
3430	YKL049C	-1.2655	-1.890733333	-1.394133333	-0.91995	-0.171875
3442	YKL061W	0.811325	1.30095	2.10755	2.691175	1.154766667
3448	YKL067W	-1.4491	-1.424925	-0.509375	0.923125	1.907433333
3451	YKL070W	-1.3445	-0.5386	-0.578925	0.9422	-0.315575
3455	YKL074C	1.224933333	2.4603	1.312566667	-0.594075	-0.574033333
3459	YKL078W	2.226275	2.563925	1.27915	-2.54725	-2.35755
3463	YKL082C	2.221025	2.7166	1.615775	-1.6387	-1.9762
3465	YKL084W	-1.266775	-1.122725	-0.67745	-1.099625	0.076775
3466	YKL085W	-0.8014	-1.549025	-0.238325	2.305025	1.943675
3472	YKL091C	-1.5083	-2.6095	-1.113325	1.18295	0.682475
3485	YKL103C	-1.632275	-2.276325	-2.756433333	0.284	1.388625
3505	YKL123W	1.0637	1.3557	0.682925	0.1329	0.02905
3507	YKL125W	1.86145	2.5817	1.130175	-1.038075	-0.6474
3509	YKL127W	-0.6706	-0.730425	-1.02925	-2.128025	-1.227675
3513	YKL131W	0.30155	0.2999	0.460325	0.781225	0.112825
3537	YKL155C	1.96355	1.430475	1.1414	-0.088675	0.400525
3543	YKL162C	1.1391	0.885533333	0.8849	-0.05135	0.503825
3552	YKL171W	-0.07215	-0.722825	-0.89995	0.471425	0.0777
3553	YKL172W	1.549125	2.135775	1.561225	-2.0096	-0.513975
3556	YKL175W	0.64655	2.80465	1.4748	0.139875	0.719725
3602	YKL223W	0.84335	2.611125	1.403675	-1.1164	-1.20715
3603	YKL224C	-0.290475	0.8024	0.8221	0.8572	-0.698575
3606	YKR002W	0.97005	1.632625	1.377675	0.198975	0.690825
3607	YKR003W	-1.084325	-1.215975	-0.4005	1.3479	-0.1735
3615	YKR011C	-1.01955	-1.6146	-1.15175	-0.27775	1.18385
3628	YKR024C	3.5765	3.458925	1.6944	-1.202175	-1.741075
3643	YKR039W	1.953725	1.487375	0.97565	0.52405	1.39845
3650	YKR046C	-0.11295	0.12555	0.7067	1.901725	0.436425
3660	YKR056W	1.2369	1.881975	0.69025	-1.148133333	-1.289775
3662	YKR058W	0.261675	0.898275	0.458225	0.551366667	0.71995
3676	YKR072C	1.78015	1.72695	0.623025	-0.096925	0.450025
3679	YKR075C	6.950675	2.260275	0.4996	-0.2873	-0.6166
3682	YKR078W	0.8459	1.548125	1.242475	-0.488625	0.104225
3685	YKR081C	2.2499	2.217825	1.4533	-2.1672	-2.103433333
3691	YKR087C	1.454175	1.3629	1.556825	0.211975	0.59735
3703	YKR099W	1.479275	1.22435	0.847725	-0.232125	-0.35165
3722	YLL012W	3.10965	2.942825	2.3708	-0.672325	0.012475
3730	YLL020C	0.635325	-0.138075	1.228525	0.2305	1.490975
3737	YLL027W	1.14925	1.140375	1.003733333	0.9266	0.796925
3738	YLL028W	1.42545	3.416125	3.053075	1.377425	0.7395
3746	YLL036C	1.50875	2.81445	1.385525	-0.462275	-0.25515
3747	YLL037W	1.74975	2.057225	2.0142	-0.70605	-0.216225
3770	YLL060C	0.794675	1.071175	1.440625	0.422975	0.422425
3771	YLL061W	2.196325	1.350625	0.4244	-1.17325	-0.391525
3773	YLL063C	0.326875	0.33505	0.758125	0.391375	0.642725
3779	YLR002C	1.5429	1.479675	1.271875	-1.631475	-0.476275
3784	YLR007W	2.098175	2.836725	1.135975	0.452225	-0.882175
3786	YLR009W	2.113075	3.556475	2.355175	-1.545575	-1.6994
3788	YLR011W	-0.31175	-0.55155	-0.360975	-0.735	-0.1939
3792	YLR015W	0.444225	0.77225	-0.0826	-0.657625	-0.74335
3796	YLR019W	0.955725	1.217175	0.898325	0.521075	-0.1582
3824	YLR047C	-0.803325	-1.1701	-1.05445	-0.446625	0.4941
3826	YLR049C	-1.275	-1.910775	-0.605325	0.57935	0.552875
3828	YLR051C	2.053	2.75185	2.02455	-1.5012	-0.93685
3830	YLR053C	1.1899	1.7739	2.021725	-0.130625	-0.541025
3844	YLR067C	0.9726	1.6878	1.488025	0.517175	-0.794125
3845	YLR068W	1.229225	2.1013	2.610433333	-1.6617	-0.6537
3851	YLR074C	2.50415	3.18345	2.3827	-2.5041	-0.33225
3852	YLR075W	-1.047025	-1.185725	-0.817575	0.6141	-1.52005
3866	YLR089C	1.17755	1.22685	1.549125	-0.165775	0.99095
3867	YLR090W	1.9773	1.822575	1.087425	0.08105	0.03825
3876	YLR099C	2.33495	2.698	1.62625	-0.295675	-0.09395
3879	YLR102C	-2.2156	-1.4429	-0.3797	0.734966667	0.4304
3884	YLR107W	1.94395	3.199725	0.97075	-1.296375	-0.99565
3893	YLR116W	0.960866667	2.314075	1.24055	-0.17315	0.21425
3894	YLR117C	0.851675	1.249675	1.4765	-0.0355	0.16615
3898	YLR121C	1.0044	1.88085	0.8687	-0.368975	-1.381825
3905	YLR128W	-0.60715	-1.137425	-1.188025	-0.28165	0.485275
3907	YLR130C	1.2582	2.5065	1.442325	-0.528575	-0.777475
3911	YLR134W	-1.024075	-0.80845	-0.958775	-2.4212	-0.115225
3942	YLR165C	0.264525	0.81685	0.887	-0.088975	-0.530575
3960	YLR183C	-1.11645	-2.23855	-1.02825	-0.379775	-0.538975
3963	YLR186W	1.796725	2.011875	2.089475	-0.211175	-0.9127
3967	YLR190W	1.291325	0.3862	1.290375	0.316925	0.55925
3968	YLR191W	0.72235	1.352325	1.2228	-0.031575	-0.3311
3973	YLR196W	2.310575	2.378375	1.609975	-1.426	-1.927975
3981	YLR204W	0.959025	1.288975	1.541425	0.39545	1.44205
3988	YLR211C	-1.144725	-1.42445	-0.65485	-0.756475	0.2235
3998	YLR221C	1.702175	1.889925	2.414025	-1.1382	-1.2368
4008	YLR231C	-1.1198	-1.477825	-1.146175	-1.091825	0.0934
4009	YLR232W	-0.361025	-1.35665	-1.649075	-1.478325	-0.499766667
4025	YLR248W	-0.28835	0.104425	0.8015	1.339	0.9229
4028	YLR251W	-0.2175	0.3478	0.377675	-0.036575	0.70165
4031	YLR254C	1.49815	1.77085	1.394025	-0.2241	-0.900175
4110	YLR332W	1.5529	0.9525	0.30835	-0.361025	-0.6699
4131	YLR353W	1.2442	1.124275	1.012725	0.142925	0.113275
4133	YLR355C	0.29745	1.4833	1.204825	0.913075	0.676875
4174	YLR396C	0.82855	0.5828	0.87725	0.30765	0.39465
4178	YLR400W	1.056625	1.9241	1.228175	-0.9024	-0.990025
4180	YLR402W	-0.131575	-0.4681	-0.6204	-0.0904	-0.070433333
4183	YLR405W	1.07515	1.05625	0.3293	0.283675	-0.271175
4185	YLR407W	2.58305	1.50675	0.403125	0.72445	-0.1087
4189	YLR411W	1.28115	1.9877	1.235233333	-0.010833333	-0.740825
4250	YML005W	0.9095	0.427925	1.7891	0.646075	-0.2914
4266	YML018C	1.814875	3.596225	1.92295	-0.066475	-1.082375
4276	YML028W	-1.99545	-0.86565	-0.75865	-1.08285	-1.59795
4280	YML032C	1.240725	1.286075	0.77385	0.39825	-0.372925
4285	YML036W	-1.1777	-1.092	0.295575	-0.8045	-0.5268
4286	YML037C	-0.022125	0.2754	0.022125	1.178775	1.39735
4290	YML041C	1.05655	1.648825	1.06345	-0.41165	-0.116675
4292	YML043C	3.000025	3.096525	1.4431	-1.958925	-0.285075
4300	YML051W	0.277225	-0.517475	0.16885	1.2683	1.40895
4330	YML080W	2.61775	2.815775	1.304725	-1.420225	-0.15235
4343	YML093W	2.355725	2.67635	1.9794	-0.2483	-1.059475
4358	YML105C	0.254575	0.653125	1.5715	-0.244275	0.3012
4373	YML119W	0.4878	1.84355	1.293725	0.571475	-0.001875
4377	YML123C	2.71105	3.514425	2.893375	-0.9546	1.19715
4379	YML125C	-0.19255	0.59435	1.172	-2.6789	-2.386225
4382	YML128C	-1.097	-1.886875	-0.621625	3.7983	4.176125
4397	YMR010W	2.46225	2.367	2.315	0.678725	-0.354425
4398	YMR011W	6.28995	7.008775	2.68375	1.633225	2.3949
4403	YMR016C	0.78785	1.474525	0.83315	0.660375	0.7447
4410	YMR023C	0.558333333	0.548075	0.7675	0.572075	1.638225
4411	YMR024W	1.2276	1.683525	1.56895	0.3886	1.647375
4412	YMR025W	-1.52765	-1.6871	-0.662675	-0.15225	1.138925
4414	YMR027W	-0.89465	-0.8636	-0.306625	1.837775	0.58115
4421	YMR033W	1.01615	1.653075	1.177375	0.3914	-0.170675
4427	YMR039C	0.740275	1.146925	1.513733333	-1.3808	-0.181525
4434	YMR046C	-2.5495	-1.263725	-3.342575	-2.874925	-3.290525
4438	YMR050C	-0.851975	-0.6908	-0.717525	-0.324275	-1.407225
4443	YMR054W	0.202333333	0.24895	-0.5175	2.78815	1.3369
4458	YMR069W	0.9319	1.048775	1.069475	0.352325	0.097225
4459	YMR070W	0.977675	0.651625	1.05605	0.572525	1.13995
4474	YMR084W	-0.73265	-0.926766667	-0.93735	-0.385025	0.757625
4491	YMR100W	1.272825	0.722	1.646066667	0.1729	-0.03865
4498	YMR107W	0.5432	0.333325	0.999075	0.483166667	1.353
4518	YMR126C	0.76885	1.324525	1.2427	1.107125	0.548975
4524	YMR132C	-0.89795	-0.708	-0.272975	1.416075	1.541325
4556	YMR161W	0.8352	2.12845	1.318125	0.65275	0.905375
4574	YMR177W	1.62115	1.587075	0.566975	-1.152875	-2.0925
4578	YMR181C	2.519875	1.830966667	0.6178	0.02875	-0.1242
4579	YMR182C	2.95005	4.561625	2.00685	-0.427233333	-0.2066
4580	YMR183C	-0.642925	-1.6377	-0.980833333	0.08315	1.206466667
4586	YMR189W	-1.00325	-1.192225	-1.710275	-0.311575	3.80245
4597	YMR199W	0.540425	0.668466667	0.512925	1.30675	1.60725
4607	YMR209C	-0.142475	0.3622	0.03385	-1.10765	-1.12335
4609	YMR211W	1.614125	1.828775	0.920475	-1.315675	-0.2462
4611	YMR213W	0.656925	1.05155	0.60285	-0.85715	-0.794925
4621	YMR223W	2.03395	2.9859	2.222475	-0.1925	-0.2639
4632	YMR234W	0.973825	1.338225	0.962675	0.6085	0.687975
4634	YMR236W	-2.11355	-2.210375	-1.9181	0.40705	0.22845
4637	YMR239C	2.41985	2.124825	1.38145	-0.94335	-0.4701
4648	YMR251W	-0.0929	0.0783	0.6211	0.19295	1.270375
4649	YMR251W-A	-0.7918	-1.626725	0.56805	3.665775	1.71805
4660	YMR262W	-0.931	-1.27915	-1.12535	1.2534	0.750875
4663	YMR265C	1.554875	1.64495	1.0342	0.365625	-0.0027
4667	YMR269W	0.411725	1.773925	1.1289	-1.594075	-1.9376
4669	YMR271C	0.704375	0.96025	0.8725	-0.194725	1.589725
4679	YMR281W	1.582033333	0.582	0.941133333	0.5077	0.6034
4690	YMR291W	2.1171	1.134325	0.714625	0.18495	1.65795
4698	YMR298W	-1.014625	-1.438125	-1.1839	0.300425	-0.180925
4703	YMR303C	-0.93185	-1.4942	-1.216125	-0.9961	-0.674875
4712	YMR311C	-0.6659	-1.04545	-0.83895	-0.832825	0.616825
4713	YMR312W	-1.60525	-1.569125	-1.120325	-0.862975	-0.08285
4715	YMR314W	-1.231325	-0.0127	-0.249625	-0.70245	-0.748325
4731	YNL002C	2.10415	2.569225	2.772	-2.1419	-2.0576
4735	YNL006W	-0.673775	-1.022575	-0.848575	0.90945	0.836033333
4736	YNL007C	-1.684275	-2.67495	-1.72015	0.162475	0.974375
4744	YNL015W	-0.8796	-0.79675	-0.7837	1.40825	2.297725
4753	YNL024C	5.0161	6.68865	4.09465	-0.23195	-1.659475
4762	YNL033W	-0.71505	-0.832525	-1.0736	-0.634125	0.01795
4766	YNL037C	-1.826125	-2.898875	-1.94185	1.009425	2.730875
4782	YNL053W	3.690375	1.8991	1.2803	1.077275	0.838625
4789	YNL061W	2.3141	2.47675	0.945825	-1.578166667	-1.1871
4793	YNL065W	4.79845	5.544175	1.940075	-1.598875	-0.652925
4801	YNL073W	0.474125	1.1788	0.99095	0.352625	1.037175
4803	YNL075W	1.946375	3.051825	1.240775	-1.893275	-1.986866667
4820	YNL092W	-1.681625	-2.16485	-1.976275	0.0528	0.900725
4838	YNL110C	2.48445	3.073	2.099975	-2.1671	-0.261525
4840	YNL112W	5.36635	5.08135	2.27885	-3.3155	-3.47295
4843	YNL115C	-0.01175	-1.2187	-1.351225	-0.4891	0.351925
4844	YNL116W	-0.93585	-0.396075	0.00835	0.526375	1.393225
4847	YNL119W	1.79565	2.130675	1.44415	-1.273075	-0.6898
4848	YNL120C	1.8812	2.228775	1.347325	-0.3994	-0.722525
4852	YNL124W	1.56045	2.868475	2.15815	0.01035	-0.153525
4862	YNL134C	-1.817225	-1.914225	-0.633725	1.32455	0.696075
4871	YNL143C	2.9862	1.572175	2.502533333	0.37325	0.9467
4872	YNL144C	2.253725	0.697625	0.438475	-0.15705	0.5599
4874	YNL146W	1.652333333	0.7538	1.1009	0.7158	1.526733333
4884	YNL156C	0.8844	1.1316	0.9979	-1.339725	0.955875
4887	YNL159C	-1.3665	-1.96155	-1.6181	1.049875	0.638025
4888	YNL160W	-0.6578	-1.2295	0.93905	4.595075	2.283766667
4896	YNL168C	-1.3729	-1.432675	-1.5948	-1.4286	1.22975
4899	YNL171C	-1.10345	-0.2365	0.055675	0.2673	0.939425
4908	YNL180C	-0.427825	-0.9437	-0.105425	2.337875	3.8703
4932	YNL204C	1.717675	1.762425	1.340975	-0.3331	-0.62685
4934	YNL206C	0.91175	0.41085	0.9305	0.307175	0.6646
4935	YNL207W	1.322125	1.783875	0.381775	-1.377925	-0.5608
4936	YNL208W	-1.371	-1.232275	0.23675	1.57675	2.648825
4938	YNL210W	1.45265	1.40755	-0.304466667	-0.429275	0.0097
4939	YNL211C	1.2661	1.874125	1.192	-0.287425	0.2085
4941	YNL213C	1.2441	1.782025	1.244475	-0.773775	-0.047225
4948	YNL220W	1.21065	1.346725	0.32665	-2.135975	0.993366667
4962	YNL234W	3.540525	3.7387	1.37895	-0.7005	-0.717075
4968	YNL240C	2.6214	2.147875	2.03585	-0.716125	0.0944
4976	YNL248C	1.887	2.2467	1.78595	-2.32995	-1.850475
4979	YNL251C	3.826125	4.37095	3.063775	-1.16105	-0.57985
4993	YNL265C	0.9706	1.08335	0.8875	-0.55435	-0.31095
5003	YNL275W	1.452425	2.05825	1.38355	0.345075	-0.4113
5005	YNL277W	1.307925	1.595825	1.220175	0.26295	-0.047275
5016	YNL288W	1.871575	1.110425	0.91235	0.015475	0.366
5023	YNL295W	0.956475	1.61455	1.44345	-0.10305	-0.416725
5027	YNL299W	1.753275	1.918575	1.2078	0.3273	-0.021475
5032	YNL304W	-0.55755	-1.1818	-0.97225	0.2758	0.893425
5033	YNL305C	-3.104825	-2.87425	-1.401525	1.6504	1.166675
5062	YNL334C	-0.79245	-1.4671	-1.4206	1.279366667	-0.1688
5070	YNR003C	-0.303125	-0.46415	0.457125	-3.07	-1.245775
5079	YNR012W	0.912375	1.730175	1.51205	-0.6112	-0.9063
5081	YNR014W	4.133866667	2.086125	0.81125	1.09675	1.528525
5087	YNR020C	1.168875	1.9084	1.19455	0.38295	0.36815
5092	YNR025C	0.710975	1.316	1.62595	-1.37975	-2.041566667
5093	YNR026C	1.054875	2.152925	1.3186	-0.63505	0.23285
5101	YNR034W	-0.00345	-0.005625	0.3691	1.47745	1.65515
5106	YNR039C	2.286325	2.1027	0.65825	-0.8878	-0.5569
5112	YNR045W	1.10165	0.301425	0.733233333	1.052166667	0.3438
5115	YNR048W	1.6888	1.158875	1.3611	0.643	-0.11665
5118	YNR051C	1.207525	1.542675	1.183	-1.08255	0.41945
5120	YNR053C	2.5281	2.5606	1.501525	-0.363266667	-0.606875
5131	YNR064C	-1.175275	-1.728525	-1.942425	-0.500375	-0.21995
5135	YNR068C	-1.280175	-1.5941	-1.011525	-0.607375	0.3654
5138	YNR071C	0.673475	0.684525	0.572125	-0.7193	-0.381725
5142	YNR075W	0.2597	2.0719	0.916875	-0.3308	-0.50905
5146	YOL002C	3.50145	4.5523	3.4809	-1.919675	-1.9375
5148	YOL004W	-1.5467	0.2486	0.6249	-1.552	-1.274
5163	YOL019W	1.749575	1.968275	1.9473	1.051375	0.874833333
5166	YOL022C	0.661275	0.900775	0.576575	-1.557875	-1.463
5171	YOL027C	1.61965	2.327325	0.96105	-0.703625	0.238625
5175	YOL031C	1.192075	0.552725	1.15015	0.168975	0.1193
5185	YOL041C	2.452475	2.645525	1.988025	-1.1753	-0.688425
5213	YOL068C	0.8588	1.163025	1.036825	0.4583	-0.738233333
5223	YOL079W	1.85125	2.29445	1.246475	-0.399875	-0.445866667
5224	YOL080C	2.46935	3.06845	2.46075	-1.549975	-4.40385
5245	YOL101C	4.59565	6.1489	2.500175	-4.123466667	-4.992325
5248	YOL104C	-1.3524	-1.627525	-1.366325	-1.5634	-1.457025
5250	YOL106W	-0.674425	-1.111125	-0.81765	-1.8925	-1.841525
5253	YOL109W	-3.578	-5.96935	-0.8092	-1.851975	-0.304025
5268	YOL124C	3.184825	3.63525	1.586375	-2.306025	-0.60165
5269	YOL125W	1.157	1.22955	1.3347	-0.70965	-0.653125
5279	YOL135C	-0.825475	-0.85475	-0.67885	0.821675	0.26155
5280	YOL136C	4.240925	4.02415	1.791525	-0.99705	-0.27435
5298	YOL154W	1.818525	2.942766667	1.8427	1.547	0.361875
5300	YOL156W	3.5302	1.4181	-0.3964	0.60525	0.168375
5303	YOL159C	-2.00325	-1.218133333	-0.91725	-0.512375	0.000433333
5309	YOL165C	0.617325	0.9368	1.362375	-0.08945	-0.255
5310	YOL166C	1.284566667	0.918475	1.468775	-0.321825	-0.6069
5313	YOR003W	1.7229	1.9977	1.59805	0.106725	0.24345
5314	YOR004W	3.323725	3.3121	2.2564	-2.1896	-1.72245
5318	YOR008C	1.838225	1.523525	1.9469	0.371	0.7964
5319	YOR009W	1.9759	2.5057	2.699766667	0.616675	-0.5736
5320	YOR010C	0.653925	0.969075	1.399575	3.2245	1.657725
5327	YOR017W	0.888425	0.8152	1.0219	-0.2674	-0.824825
5329	YOR019W	0.792525	1.566475	1.23035	0.272275	0.443625
5338	YOR028C	0.7419	1.999675	1.684325	2.5373	2.747975
5353	YOR043W	2.140025	2.65265	2.613825	-0.235	-0.431025
5361	YOR051C	1.1946	1.1528	1.434275	-0.41635	-1.1389
5366	YOR056C	2.09355	1.701825	0.865875	-2.219225	-0.4837
5372	YOR062C	1.2766	1.6753	1.274425	-0.697625	0.243925
5389	YOR079C	0.580025	0.876525	1.016125	-0.28075	-0.539775
5410	YOR101W	2.8627	2.545275	1.6749	-1.962325	-1.91965
5416	YOR107W	2.501375	5.156125	2.212425	0.789175	-0.1604
5429	YOR120W	0.570025	1.08305	1.132575	0.78225	2.148275
5437	YOR128C	-0.30065	-1.0143	-0.803525	-0.69335	1.290575
5439	YOR130C	-1.558875	-1.14835	-1.233875	0.798825	1.053
5445	YOR136W	-2.30505	-2.824625	-1.711425	0.59705	1.7125
5454	YOR145C	1.45975	2.587375	1.423775	-1.3213	-0.5058
5455	YOR146W	0.857625	1.6061	1.3428	-0.494925	-1.554866667
5456	YOR147W	2.41015	2.5419	1.3831	-0.922425	-0.516125
5463	YOR154W	1.09195	1.7774	1.37345	-0.4295	-0.3799
5470	YOR161C	-1.355975	-2.4731	-1.10485	3.5839	3.2713
5478	YOR169C	1.27365	0.6098	0.6059	-1.445125	-0.492125
5499	YOR190W	1.260725	0.41115	0.993366667	-0.34285	0.196725
5505	YOR196C	1.121375	0.789625	1.21165	-0.302125	0.728775
5509	YOR200W	1.7769	1.208075	1.613275	-0.184125	-0.06885
5510	YOR201C	1.736575	2.7837	1.763175	0.014025	-0.499575
5512	YOR203W	-2.491325	-1.641675	-1.447	-1.1998	-0.143775
5515	YOR206W	2.0127	2.553275	2.347525	-1.7674	-0.646
5521	YOR212W	1.53205	1.573075	1.726	-0.52255	-1.107233333
5522	YOR213C	1.025975	1.6707	0.96485	-0.370275	-0.541
5532	YOR223W	-0.883675	-0.503875	-1.20975	0.065625	1.39925
5550	YOR242C	1.3002	1.286625	1.102625	-0.920925	-2.3512
5557	YOR249C	-0.0857	0.089325	0.9664	0.680275	0.1735
5577	YOR269W	1.255975	2.2536	1.2587	0.135766667	-0.518975
5592	YOR284W	-0.342975	-1.428225	-1.451033333	0.11865	0.3378
5595	YOR287C	3.130975	3.075075	1.39925	-2.328325	-1.59055
5597	YOR289W	-1.11115	0.01545	-0.3192	1.8622	2.67555
5600	YOR292C	-0.90205	-1.37875	-0.69025	0.71	1.216825
5609	YOR301W	-1.32985	-1.97795	-1.399475	0.360225	0.51055
5610	YOR302W	1.353525	1.819425	1.28255	0.72085	1.563225
5611	YOR303W	1.50135	2.92955	2.5592	1.182375	1.591975
5615	YOR306C	2.5098	2.467225	0.934725	-1.00425	-1.561433333
5624	YOR315W	-0.501125	0.27055	0.5059	-0.539666667	-2.750333333
5632	YOR323C	-0.521133333	-1.3483	-1.176575	-0.8776	-0.463825
5647	YOR338W	3.615625	2.11945	1.836966667	-0.5964	-0.783025
5648	YOR339C	3.7929	3.421525	2.50555	-0.397275	0.3022
5651	YOR342C	2.821175	1.8548	1.795825	-0.122575	-0.52995
5661	YOR352W	-0.952425	-1.5461	-0.6647	-0.084225	1.031725
5668	YOR359W	2.14015	2.6139	1.1281	-0.409275	-0.112225
5686	YOR377W	0.432975	0.592775	0.206475	-2.889575	-1.819133333
5705	YPL002C	-0.869375	-1.13115	-0.155625	0.271275	-0.21045
5707	YPL004C	0.06535	-0.665925	-0.058825	1.075175	2.212725
5717	YPL014W	0.61095	-0.232875	0.541975	2.9544	0.988375
5718	YPL015C	-0.18825	-0.493625	1.193733333	3.599933333	0.652475
5733	YPL030W	1.97445	1.708675	1.417725	-1.1742	-0.395675
5734	YPL031C	-1.3895	-2.3425	-1.37665	0.29065	0.032025
5742	YPL039W	1.051275	0.778375	1.0774	0.208525	-0.27465
5745	YPL042C	2.97085	3.19795	3.070466667	-0.389875	-0.3706
5746	YPL043W	2.728325	3.1022	1.63265	-1.6506	-1.1902
5747	YPL044C	1.715775	2.656675	1.78905	-1.003725	-1.440375
5752	YPL049C	1.840175	1.5635	1.20905	-0.382925	0.122725
5755	YPL052W	1.89305	2.741725	1.0474	-1.224925	-0.8091
5760	YPL057C	1.2171	1.5761	0.71445	0.398025	0.36975
5763	YPL060W	-1.5176	-1.735875	-0.84365	-0.008625	0.29355
5764	YPL061W	0.557875	0.510725	-0.1825	4.9116	1.372675
5768	YPL065W	-1.732725	-1.705575	-1.227	-0.97605	0.088225
5770	YPL067C	-1.576825	-2.0846	-0.701775	-0.521625	1.400025
5771	YPL068C	1.719175	2.50605	1.6055	-0.677675	-1.192875
5772	YPL069C	1.1471	1.925675	1.48185	-0.169675	-0.268075
5773	YPL070W	1.738425	3.0963	0.4442	-0.354575	0.610775
5780	YPL077C	-1.6983	-1.77245	-1.11905	0.64945	0.2311
5791	YPL088W	1.815925	2.0031	1.669275	-0.72625	-0.33565
5792	YPL089C	1.69495	0.488975	0.792125	0.77825	0.276975
5793	YPL090C	-0.17415	-0.458775	0.061575	1.399525	-0.716775
5796	YPL093W	2.91235	3.2131	2.25185	-0.24965	-0.4386
5797	YPL094C	0.94205	2.1204	1.1262	0.939825	-0.708875
5808	YPL105C	0.948475	2.147575	1.621425	0.1792	-0.304
5821	YPL118W	1.80005	3.600125	0.62	0.620166667	1.011175
5826	YPL123C	-1.333725	-2.45525	-1.734825	0.3623	1.42765
5838	YPL135W	2.323066667	1.7907	1.286825	2.643475	2.6863
5840	YPL137C	0.2161	0.09415	0.275275	0.809125	2.1453
5847	YPL144W	-2.1761	-2.3538	-1.331225	0.2859	-0.57875
5849	YPL146C	2.181575	2.7345	1.866375	-1.793375	-1.33675
5854	YPL151C	0.5882	1.6703	0.35375	-0.00445	-0.55615
5859	YPL156C	1.020775	1.698	1.265725	-0.16835	0.746433333
5860	YPL157W	0.732625	1.661375	1.154225	0.4457	-0.253125
5862	YPL159C	3.684875	3.188625	1.3912	-0.27355	0.388325
5868	YPL165C	-0.495025	-0.5811	-0.052775	1.093725	0.8806
5869	YPL166W	1.204833333	1.6932	4.86275	-0.592633333	1.142625
5879	YPL176C	0.284425	-0.18755	-0.1446	0.951175	1.188275
5882	YPL179W	1.935925	1.3619	1.780833333	-1.039875	0.558075
5884	YPL181W	1.451475	1.18355	1.006975	0.271075	0.29775
5894	YPL191C	-0.6663	-1.265975	-0.053175	-0.268525	0.90075
5895	YPL192C	0.557475	1.881725	1.289925	-0.822125	-0.65995
5896	YPL193W	1.2064	2.2082	1.81855	-0.223275	-0.24765
5899	YPL196W	-2.0455	-2.137225	-1.832175	0.85325	0.1543
5902	YPL199C	-1.4714	-0.723625	-1.237766667	0.8489	0.058125
5903	YPL200W	1.122475	1.175725	0.74815	-0.68695	-0.721225
5904	YPL201C	1.344875	2.250875	1.936666667	-0.241325	-0.40435
5905	YPL202C	1.4788	1.499925	0.71005	-0.071225	-0.486775
5907	YPL204W	2.274275	2.405775	1.602125	-0.241025	0.158
5908	YPL205C	0.647425	1.582825	1.05875	-0.141325	-0.07905
5912	YPL209C	0.73315	-0.316025	-0.489725	0.4889	1.210025
5936	YPL233W	-0.056875	0.32775	0.284525	-0.008875	1.4005
5948	YPL245W	1.85375	2.3945	1.8726	0.118025	-0.854975
5953	YPL250C	-0.17625	2.304125	1.624975	3.196325	2.164325
5955	YPL252C	0.1654	1.029025	0.949275	0.31935	0.064125
5957	YPL254W	2.21325	2.76825	2.180675	0.115333333	0.032125
5982	YPL279C	1.732725	1.747075	1.766725	0.454275	-0.29705
5994	YPR008W	2.087225	2.7655	1.559875	0.23175	1.2427
5995	YPR009W	1.593775	2.469775	1.571	-0.3266	1.115925
5999	YPR013C	1.275675	1.179175	0.542325	-0.23185	-0.17755
6002	YPR016C	1.02175	2.053775	2.4175	0.19535	-0.574775
6018	YPR032W	1.68925	1.828125	1.019333333	-0.546733333	-0.45805
6027	YPR041W	1.64815	1.60825	1.5898	-0.2037	-0.3908
6034	YPR048W	0.738475	0.70025	1.190825	-0.867875	-0.1148
6039	YPR053C	-0.105	0.294575	1.0278	0.692825	-0.096925
6047	YPR061C	1.65655	2.754125	1.1709	0.040725	0.079575
6091	YPR106W	-0.946825	-0.287525	0.533975	1.6825	0.6889
6094	YPR109W	0.2826	0.455725	1.601575	0.39465	-0.37425
6110	YPR125W	2.63225	3.70175	1.4137	-0.591966667	0.48485
6111	YPR126C	2.394175	1.871166667	0.4377	-0.75405	-0.253975
6114	YPR129W	-1.408475	-1.172	-0.526325	0.253566667	-0.0716
6116	YPR131C	-1.154866667	-1.261525	-1.35465	0.042225	-0.672825
6118	YPR133C	0.981125	0.95375	0.62135	-1.692025	-0.0314
6121	YPR136C	1.477875	2.515525	1.476725	-0.98695	-0.166175
6122	YPR137W	2.515875	2.936375	1.637275	-0.831325	-0.76605
6125	YPR140W	0.540875	0.191725	-0.819075	0.151575	1.789666667
6128	YPR143W	1.8163	3.0424	2.313125	-1.751225	-1.7347
6129	YPR144C	0.6661	1.0736	0.6976	-1.628225	-0.881925
6134	YPR149W	-2.4882	-4.056875	-2.35005	1.828825	1.844275
6143	YPR158W	-2.01885	-1.12375	0.784625	0.96575	1.13255
6152	YPR167C	1.4713	2.297575	1.3419	-0.097325	0.26775
6170	YPR185W	0.27555	-0.832866667	-1.1939	0.097375	-0.0688
6177	YPR192W	-0.916725	-0.5645	-0.356766667	2.525633333	0.2388
