SPOT	Gene Symbol	15m	30m	60m	90m	120m
2	YAL002W	-0.40915	0.09155	-0.658725	0.176166667	0.255433333
6	YAL007C	0.7004	0.1331	-0.34465	1.000466667	0.591533333
14	YAL015C	-0.87635	-0.99235	-0.9291	-0.838025	-0.193566667
16	YAL017W	-0.293125	-0.0195	-0.453975	-0.242575	0.1661
18	YAL019W	-0.724075	-0.07365	-0.441525	-0.6748	-0.129825
24	YAL025C	2.7911	3.5577	2.841375	-1.934875	-0.733275
30	YAL031C	-0.893125	-0.388325	-0.483825	-0.5049	-0.3767
36	YAL035W	-0.97945	-0.52445	-0.7358	-0.956125	-1.182425
41	YAL040C	2.712575	1.499575	-0.27835	0.320233333	0.29475
46	YAL044C	-1.49025	-1.12865	-2.136025	-0.187275	0.867075
50	YAL048C	-1.2849	-0.84515	-0.3252	-0.354733333	-0.252733333
56	YAL056C-A	-2.3588	-1.464633333	-2.7051	-1.440275	-1.169766667
58	YAL058W	-0.63925	-0.51875	-1.4742	-0.710175	-0.740233333
59	YAL059W	2.550025	2.895766667	2.68665	-2.997175	-1.434566667
60	YAL060W	-1.6513	-1.6619	-2.232675	-0.01005	1.069533333
61	YAL061W	-0.985925	-1.025466667	-0.267475	0.539725	-0.0376
62	YAL062W	-0.7332	-0.60995	-1.147575	-0.196725	0.724266667
63	YAL063C	-1.385975	-1.157033333	-2.041025	-0.08655	1.754633333
68	YAL067C	-0.96835	-0.090725	-0.6837	-0.087325	-0.53285
76	YAR009C	-3.2738	-2.018375	-2.511725	-2.609225	-1.467525
88	YAR031W	-1.18185	-1.094525	-1.3607	-0.58475	-0.962875
99	YAR060C	-0.8479	-0.7733	-0.609025	-0.0348	-0.3967
103	YAR066W	-1.361566667	-1.46545	-0.780575	0.619125	0.466425
109	YAR074C	0.57345	1.14895	1.407875	-0.949175	-1.1674
110	YAR075W	0.2951	0.696175	0.6339	-1.37925	-1.462375
115	YBL005W	-1.017475	-0.48765	-0.83105	-2.6348	-2.286275
117	YBL005W-B	-1.63375	-0.4913	-1.185675	-1.539725	-0.993975
128	YBL016W	2.441225	1.3948	1.1851	-0.498075	0.98375
129	YBL017C	-0.1044	0.4496	0.218975	-1.0907	-1.171925
131	YBL019W	-0.8425	-0.5044	-0.917325	-0.7469	-1.0566
140	YBL028C	1.16335	1.799475	1.863766667	-0.6678	-0.740725
145	YBL033C	2.333933333	1.31785	-0.17505	-0.4205	0.4353
150	YBL038W	2.79495	2.8645	2.10845	0.396	1.246933333
152	YBL040C	-0.64495	-1.16975	-1.5969	-0.02535	0.156925
161	YBL049W	-1.043675	-0.462325	-0.646475	-0.24495	-0.322775
166	YBL054W	2.533125	1.54475	1.812375	-2.240525	-0.3427
167	YBL055C	-0.302025	0.09565	-0.201325	-1.31315	-0.88995
169	YBL057C	-1.0069	-0.3637	-0.54885	-0.1547	-0.198425
175	YBL063W	-0.94755	-0.2036	-0.431375	-0.2439	-0.44605
176	YBL064C	-0.281075	-0.467025	-0.608525	2.998375	1.332125
178	YBL066C	-1.752825	-1.047175	-1.108825	-0.70485	-0.334475
183	YBL071C	-2.6533	-1.736675	-3.224275	-1.3874	-1.7466
193	YBL081W	2.0046	1.4907	1.934025	-0.4161	-0.0977
196	YBL084C	-0.8542	-0.86305	-0.382875	-0.07085	0.349533333
198	YBL086C	-0.1393	0.1637	-1.36865	0.036625	0.577733333
203	YBL091C	-1.032266667	-0.50655	-0.856325	0.3985	-0.0014
205	YBL093C	1.8564	1.4821	1.260275	-0.94815	-0.257975
206	YBL094C	-2.41115	-2.06015	-1.84325	-1.031775	-0.1909
207	YBL095W	-2.615166667	-3.2206	-1.8031	-0.394375	-0.523175
208	YBL096C	-1.648875	-0.962125	-1.159375	-0.4814	-0.285775
209	YBL097W	-1.085225	-0.907025	-0.92375	-0.751675	-0.789025
210	YBL098W	-0.906075	-0.49705	-0.452075	-0.01655	0.4801
214	YBL101W-A	-2.5934	-0.78845	-1.13135	-1.4387	-0.9688
216	YBL102W	-1.12425	-1.09825	-0.58205	0.47995	-0.192725
224	YBL111C	-4.557233333	-2.809375	-1.657975	0.04175	-0.5804
228	YBR002C	1.71	1.049425	0.172575	-0.887775	-0.9212
238	YBR012C	-1.6034	-0.311625	0.296425	-2.020775	-0.738125
242	YBR014C	0.637933333	0.48155	0.0516	1.78205	1.770366667
245	YBR017C	0.6464	0.3532	0.62805	-0.0243	1.088
254	YBR026C	-0.8175	-0.4755	-1.28765	0.99725	0.474066667
258	YBR030W	1.73175	1.799075	1.59445	-0.205025	-0.343625
261	YBR033W	4.42765	3.862525	4.003625	-1.341575	-0.45485
262	YBR034C	3.894725	3.446175	3.277475	-0.826175	-0.48245
263	YBR035C	-0.6406	-0.5612	-0.2449	1.57305	0.946625
270	YBR042C	1.8274	1.5413	1.305525	-0.897325	-0.64955
271	YBR043C	2.644525	1.8362	2.5266	-0.533925	-0.192825
273	YBR045C	-0.979475	-1.06915	-0.479966667	-0.766075	-0.6923
278	YBR050C	0.680266667	0.432275	0.5249	-0.676375	-0.726
279	YBR051W	1.5156	1.5409	0.927866667	0.1136	0.42335
295	YBR067C	2.28965	2.2551	2.587175	-1.482433333	-1.937033333
297	YBR069C	0.672325	0.96805	-0.06055	-0.8546	-0.70625
298	YBR070C	-0.88745	-0.790566667	-0.9508	0.198575	-0.6167
299	YBR071W	-1.7247	-1.19945	0.045225	0.800725	0.2891
302	YBR074W	-0.8729	-1.02	-0.622025	-0.704125	-0.42155
310	YBR083W	-0.246525	-2.302025	-2.728175	0.947	0.58205
326	YBR097W	0.66235	1.359	1.136875	-0.146675	-0.37135
333	YBR105C	6.4005	3.7903	0.651975	-2.17725	-0.292266667
337	YBR109C	0.52005	0.5783	0.198825	1.776933333	1.2845
339	YBR111C	-0.4647	-0.5718	-0.4262	2.4589	1.698666667
350	YBR122C	0.899025	0.888375	0.6868	-0.507275	0.50745
354	YBR126C	-0.54995	-0.561875	-0.238775	1.2501	0.7644
361	YBR133C	-0.709375	-0.247825	-0.614	0.15455	-0.21985
365	YBR137W	-0.82465	-0.56815	-1.444275	0.65555	0.48245
369	YBR141C	1.129425	0.750725	-0.01665	-0.464725	-0.307866667
374	YBR146W	1.708875	1.120325	1.09595	0.6061	0.7338
387	YBR159W	-0.163466667	-0.647575	-0.0926	0.6032	0.1982
394	YBR165W	1.4886	1.08125	1.19975	0.038975	-0.14245
397	YBR168W	-0.9854	-0.8058	-0.85905	-0.4655	-0.718775
400	YBR171W	0.928975	0.81565	0.972975	0.272675	0.4053
401	YBR172C	-0.304775	0.223975	-0.205325	-1.325575	-1.0065
411	YBR182C	-0.905875	-0.374	0.0227	0.051725	-0.058225
413	YBR184W	-1.1513	-0.72	-0.515025	-0.21495	-0.9205
418	YBR189W	-1.191975	-0.718725	-1.252125	-0.4655	-1.423825
433	YBR204C	0.5863	0.457225	0.425375	1.571425	0.723975
440	YBR211C	1.2611	1.461125	0.631175	0.11295	-0.367375
465	YBR236C	-1.131975	-0.91305	-1.1593	0.037775	-0.5802
469	YBR240C	-0.58025	0.034075	-0.376225	-0.39	-0.2593
490	YBR261C	-0.78475	-0.742925	-0.692925	-0.692	-0.15205
493	YBR264C	-1.003475	-1.364066667	-1.7982	-0.90375	-1.268175
495	YBR266C	2.509	2.344925	1.3228	-1.5265	-0.863925
496	YBR267W	2.796625	2.04665	1.903625	-1.50435	-0.19485
500	YBR271W	1.3591	1.075275	1.24645	-2.183325	-0.8226
514	YBR285W	2.383925	1.604625	1.713175	-0.13965	0.91355
543	YCL014W	-0.786075	-0.146675	-0.54745	-0.052475	-0.143675
547	YCL019W	-0.563025	0.01235	0.065325	-0.973725	-0.45625
550	YCL022C	-2.64675	-1.702875	-1.0882	1.11575	-0.42905
560	YCL031C	2.84645	1.514825	2.1768	-0.220975	0.0255
562	YCL033C	-1.088275	-0.658425	-1.251625	0.820975	-0.099975
564	YCL035C	-0.756025	-0.41915	-0.97945	2.25825	0.73695
570	YCL041C	1.780933333	1.69605	1.351275	-0.506166667	0.2334
577	YCL048W	-0.395025	-0.864725	-0.472825	0.038775	-0.1778
578	YCL049C	0.691975	-0.394033333	1.35955	1.0478	0.364225
581	YCL052C	-0.632175	-0.7714	-0.8248	-0.568225	-0.9836
582	YCL053C	1.5542	0.975725	2.329625	-2.19725	-1.1436
583	YCL054W	1.826825	1.193733333	1.679825	-1.41785	-1.0139
587	YCL058C	1.748625	0.90105	0.96085	-2.14585	-0.8237
588	YCL059C	2.492433333	0.692825	2.7121	-1.636225	-0.5875
591	YCL063W	-1.547733333	-2.16955	-0.935425	-1.0293	-0.980375
592	YCL064C	-0.379975	-0.293225	-1.4413	-2.826775	0.885925
597	YCL069W	-1.006025	-0.52085	-0.9199	-0.555575	-0.496125
603	YCLX02C	2.345625	1.845725	1.9218	-1.952125	-1.361325
621	YCR009C	-0.143175	-0.53245	-0.632675	1.203375	2.002133333
627	YCR015C	-0.3334	-0.452766667	-0.3766	0.579725	-0.021766667
628	YCR016W	2.0225	1.429325	1.9043	-2.143325	-1.141875
631	YCR019W	-0.719275	-1.053766667	-0.8621	-0.44785	-0.3198
632	YCR020C	-2.109	-1.918225	-1.019675	-0.414575	0.012975
633	YCR020C-A	-0.85695	-0.999275	-1.33695	0.19175	0.931733333
636	YCR023C	-1.753725	-1.089425	-0.258075	-0.2299	-0.07575
637	YCR024C	-0.964375	-0.524025	-0.7659	-0.1471	-0.16175
673	YCR061W	-0.9068	-0.623775	-0.5491	0.2802	-0.17585
675	YCR064C	0.478625	-0.042325	1.363525	-1.3404	-0.592
679	YCR068W	-1.018475	-0.711075	-0.8844	0.0523	0.141375
680	YCR069W	-0.709725	-0.80045	-0.734775	-0.257225	0.07575
682	YCR072C	2.96625	2.0677	1.450925	-1.73475	-0.7519
688	YCR077C	0.2487	0.380925	0.4954	0.054775	-0.3113
713	YCR103C	0.424475	0.25635	2.398875	-1.44535	-1.200675
720	YCRX03C	1.54445	0.792775	0.98435	-0.694975	-0.270225
721	YCRX04W	2.669225	1.18555	1.87055	-0.745575	-0.28545
728	YCRX11W	0.380025	0.8163	0.364875	-1.0901	-0.333975
729	YCRX12W	1.131625	0.882325	0.667125	-0.7632	-0.33665
732	YCRX16C	0.4585	0.204125	0.565375	-2.107425	-1.085825
733	YCRX17W	-0.922	-0.70195	-0.742125	0.803533333	1.000725
734	YCRX18C	-0.657925	-0.777225	-0.996175	0.64685	0.44255
737	YCRX21C	0.090725	0.281925	0.215225	-0.9718	-0.91345
739	YDL002C	1.287775	0.456025	0.609875	-0.5042	0.0368
757	YDL020C	2.069733333	1.537875	1.025875	-0.40135	-0.2327
768	YDL031W	0.768	0.47225	1.171775	-1.3325	-0.456425
776	YDL039C	1.093075	1.077675	0.617075	0.22595	-0.48895
779	YDL042C	1.071075	0.706525	0.64405	-0.779725	-0.507625
786	YDL049C	4.2905	3.169475	2.652325	-0.4854	-0.520675
787	YDL050C	-0.0785	0.893875	0.486225	-2.0945	-1.2007
788	YDL051W	0.554725	0.605175	1.049275	-2.196375	-1.392
809	YDL072C	-0.525066667	-0.955425	-1.1406	1.568975	0.3585
829	YDL092W	0.862175	1.301975	0.712025	0.29945	0.530166667
831	YDL094C	-2.368125	-0.363625	-2.025075	-0.098125	-1.053275
841	YDL104C	-1.714725	-0.933025	-1.235225	0.06815	-0.371333333
842	YDL105W	-1.298825	-0.864525	-0.988275	-0.0857	0.092366667
848	YDL111C	2.185825	1.79635	0.948075	-1.280825	-0.835325
861	YDL124W	-1.876575	-2.3993	-1.1107	4.002475	0.432875
872	YDL134C	1.336625	0.995425	1.10355	0.421575	-0.020475
873	YDL135C	-0.431575	-0.462625	-1.022525	1.308825	1.05875
875	YDL137W	0.054925	0.050775	0.02995	1.28945	1.497925
888	YDL150W	2.462025	1.86875	2.07895	-1.1479	-0.945175
911	YDL173W	-0.360325	-0.723225	-0.542525	-0.5136	0.7819
913	YDL175C	1.482425	0.858275	1.167925	-0.55225	-0.122725
917	YDL179W	-1.65415	-1.559675	-1.8542	-0.29645	-0.627625
921	YDL183C	1.502375	1.080325	1.50435	-0.941675	-0.370575
939	YDL201W	1.666875	1.17415	1.793625	-1.049	-0.65135
940	YDL202W	1.728775	0.796325	1.30285	0.19305	-0.006575
947	YDL209C	3.22505	1.952	0.9586	-0.307733333	-0.550475
957	YDL219W	-0.99275	-1.1574	-1.71605	-0.2024	-0.130125
959	YDL221W	-2.17635	-1.404533333	-1.86145	-0.14145	-0.5336
976	YDL238C	-1.23265	-1.38555	-0.871875	0.6635	-0.08805
979	YDL241W	-1.298475	-0.9957	-1.345325	-0.12755	-0.098875
983	YDL245C	-1.3095	-0.807925	-0.4391	-0.5923	-0.516675
1006	YDR020C	0.571566667	1.423175	0.58315	-1.011825	-0.28595
1007	YDR021W	2.158475	1.27165	1.04225	-1.474825	-0.91635
1008	YDR022C	-0.877033333	0.0371	-0.687275	0.409775	0.665675
1010	YDR024W	-1.925033333	-0.648125	-1.379475	-0.092225	-1.1867
1012	YDR026C	-1.2154	-1.05665	-1.0051	-1.09425	-1.008975
1018	YDR032C	-0.322925	-0.7862	-0.83045	1.69195	1.8201
1019	YDR033W	-1.5328	-2.485975	-1.91335	0.1667	0.315975
1028	YDR042C	4.454975	4.4332	3.935675	3.342325	1.0997
1029	YDR043C	-1.664033333	-1.169175	-0.5246	1.5775	0.70955
1030	YDR044W	1.142975	1.079225	2.2889	-1.1039	-0.40945
1051	YDR065W	-1.951366667	-1.11625	-2.348575	-0.962775	-1.132925
1052	YDR066C	-1.13105	-1.38005	-2.155625	-0.213525	0.424975
1054	YDR068W	-1.554225	-0.6196	-1.62955	0.406175	-0.00075
1061	YDR075W	3.71235	3.191225	2.302675	-1.23305	-0.57405
1067	YDR081C	1.013725	1.139775	1.272	-1.4077	-0.390725
1070	YDR084C	-1.47775	-1.482025	-2.47705	1.083475	0.30725
1073	YDR087C	1.74595	1.28485	1.372275	-1.930266667	-0.911575
1086	YDR100W	-1.464475	-1.674525	-1.840275	1.18165	0.3208
1087	YDR101C	2.6568	2.138175	2.956375	-0.526925	-0.695225
1099	YDR113C	-0.983266667	-1.239125	-0.5261	0.839775	-0.054725
1102	YDR116C	2.31515	0.9587	2.71555	0.2473	0.716575
1106	YDR120C	1.109875	0.68335	1.100325	-1.764825	-0.908175
1112	YDR126W	1.8227	1.165075	1.121025	-0.4489	-0.1229
1116	YDR130C	-1.677425	-2.124675	-1.601125	0.637425	0.297925
1118	YDR132C	-0.385775	-0.649	-0.709475	0.4305	-0.32625
1123	YDR137W	-1.131475	-1.079075	-0.17025	-0.034366667	-0.81845
1137	YDR151C	1.946375	1.77605	2.64665	1.1554	0.59005
1159	YDR173C	-0.73095	-0.771425	-0.80315	0.06785	0.455525
1160	YDR174W	0.183675	0.731525	1.693025	0.6679	-2.433575
1161	YDR175C	1.298025	1.06205	1.219225	0.112875	0.56535
1165	YDR179C	-2.283475	-0.481825	-1.711975	-0.5483	0.4677
1171	YDR184C	3.59795	1.8183	1.65365	-1.598875	-0.181925
1172	YDR185C	2.38615	1.303975	1.14985	0.147475	0.528275
1182	YDR195W	2.961275	2.34985	1.557725	0.5022	-0.028675
1200	YDR213W	-1.255975	-0.649225	-1.814925	0.158375	-0.001925
1201	YDR214W	-1.8544	-1.878725	-2.81435	-0.355075	-0.029675
1220	YDR233C	1.463675	0.881975	0.7646	-0.3196	-0.589975
1224	YDR237W	0.72865	0.466425	0.703125	-0.42805	-0.2209
1241	YDR254W	-2.6298	-1.753666667	-0.8905	0.3717	-0.437425
1242	YDR255C	-2.3459	-0.706675	-1.3499	-0.440725	-0.33235
1252	YDR265W	-0.511125	-0.757666667	-0.442525	0.5917	-0.576025
1258	YDR271C	-2.25695	-1.594875	-1.637625	-1.020925	-0.581975
1259	YDR272W	-1.442	-1.2188	-1.88045	0.522025	0.839425
1261	YDR274C	1.7626	1.16385	0.94815	-5.29415	-4.142275
1262	YDR275W	1.576875	1.6574	0.89845	-2.33305	-3.027675
1264	YDR277C	4.59505	2.2797	0.167325	-0.360625	0.72155
1265	YDR278C	1.476475	0.861675	0.891425	-3.046325	-2.4395
1267	YDR280W	2.401825	1.26795	0.9418	-0.89795	-0.340825
1274	YDR287W	-1.02865	-0.79305	-1.183875	-0.22005	-0.158175
1283	YDR296W	1.276475	1.7054	1.0158	-0.10135	0.240325
1286	YDR299W	1.2634	0.829125	0.79515	-2.523625	-1.6026
1291	YDR304C	-0.633	-0.8341	-1.18235	0.864025	0.577675
1299	YDR312W	2.9465	2.11375	2.248375	-1.3894	-0.3534
1302	YDR315C	-1.37615	-0.718225	-1.174425	-0.0137	-0.135425
1306	YDR319C	-1.701825	-0.793175	-1.11635	0.611425	-0.037325
1319	YDR332W	1.80425	1.55225	1.236225	-0.33635	-0.792125
1324	YDR337W	1.67975	0.753225	1.781375	0.18575	0.49015
1333	YDR346C	2.818833333	1.263325	2.6826	-1.33615	-1.193675
1343	YDR356W	-1.15285	-0.538625	-0.672325	-0.786925	-0.64105
1348	YDR361C	2.193633333	0.337075	2.3343	-1.1043	-0.984725
1352	YDR365C	0.8224	0.639125	0.3095	-3.090375	-1.94475
1353	YDR366C	-3.294725	0.539975	-1.53375	-2.65375	-1.889625
1354	YDR367W	-0.567275	-0.4139	-1.0808	0.490975	0.011
1355	YDR368W	-0.84665	-1.224975	-1.3914	1.894	1.517925
1357	YDR370C	1.94295	0.86125	0.9227	-1.06865	-1.201725
1358	YDR371W	0.829425	0.7169	0.647725	-0.466475	-0.583325
1362	YDR375C	1.2719	1.1561	0.9296	0.0276	0.0865
1385	YDR398W	2.8162	1.025525	1.133575	-1.5298	-0.465633333
1398	YDR411C	-0.94265	-1.95435	-1.188975	0.84265	0.0774
1399	YDR412W	1.638325	2.1838	1.99215	-2.0291	-0.46135
1400	YDR413C	1.733325	1.919375	1.9616	-1.745675	-1.3255
1401	YDR414C	-0.07825	-0.1602	-0.537725	-0.89145	-0.70665
1404	YDR417C	-0.713225	-0.32245	-1.450925	0.027475	-0.014325
1405	YDR418W	-1.02965	-0.596525	-1.94475	-0.4448	0.166225
1410	YDR423C	-1.02245	-1.23925	-1.08695	0.0507	-0.22825
1411	YDR424C	-0.460875	-0.06275	-0.439275	0.801425	0.645125
1429	YDR442W	-2.6842	-1.5325	-2.061725	-0.134775	-0.667925
1435	YDR448W	-1.880833333	-1.846575	-0.95565	-1.14615	-0.650025
1439	YDR452W	-1.295075	-1.254725	-1.81655	0.731075	-0.1504
1440	YDR453C	-1.21965	-0.1809	-1.0475	0.529975	-0.04
1448	YDR461W	0.85775	0.601766667	0.495633333	0.093625	1.80105
1452	YDR465C	2.314675	1.26295	1.559025	-2.08925	-1.30915
1455	YDR468C	-1.4637	-0.947225	-1.5586	-0.398833333	-0.29005
1456	YDR469W	-0.913725	-0.300525	-1.328325	0.467825	0.5226
1457	YDR470C	-1.2507	-0.9349	-1.237925	-0.976466667	0.478425
1458	YDR471W	-1.24035	-0.19425	-1.73175	-0.334725	-1.010325
1460	YDR473C	0.17625	-0.111775	-0.881425	-0.433425	-0.5065
1464	YDR478W	-1.501275	-0.81685	-1.286875	-0.475175	-0.4717
1466	YDR480W	-0.96355	-1.033475	-1.291675	0.099575	-0.258675
1478	YDR492W	6.3415	2.91415	4.217775	-6.665625	-2.568575
1480	YDR494W	1.816566667	0.507475	1.625675	-0.208	0.0096
1483	YDR497C	0.225875	0.143925	2.3749	-0.17835	0.0342
1485	YDR499W	0.721175	1.834625	0.8645	0.81325	-0.090225
1486	YDR500C	-0.71495	0.072925	-1.023775	-0.1045	-0.526975
1487	YDR501W	-0.458175	-0.554025	1.509825	0.817775	-0.12
1492	YDR506C	-1.076375	-0.737075	-0.78745	-0.28415	-0.514075
1495	YDR509W	1.252075	1.4847	0.637675	0.05205	0.50225
1497	YDR511W	-1.20715	-1.060125	-1.3708	0.865825	0.94635
1499	YDR513W	0.5829	0.564175	0.522275	2.1835	1.530675
1503	YDR517W	-1.2693	-1.2144	-2.086975	-0.142125	-0.7535
1506	YDR520C	-0.6176	-0.509175	-0.60595	-1.3066	-0.85645
1507	YDR521W	-1.0425	-0.55385	-0.908975	0.374825	-0.19685
1509	YDR523C	2.800575	3.33495	3.275675	0.009325	-0.049825
1519	YDR533C	-1.2794	-1.300925	-0.47555	3.918625	0.8523
1535	YEL004W	-0.67845	0.282375	-0.481825	-0.851625	-0.511125
1538	YEL007W	-4.09815	-2.308725	-2.185825	1.19625	-0.160875
1547	YEL016C	-2.145275	-1.1938	-1.35305	-0.440625	-0.957925
1551	YEL019C	-1.09015	-0.35625	-0.44055	-0.586525	-0.3916
1580	YEL048C	-0.695233333	-1.056425	-0.870325	-1.169875	-1.370325
1582	YEL050C	1.256225	0.878075	0.64445	0.52965	0.408375
1589	YEL057C	0.4535	1.377425	0.859325	0.087425	-0.78275
1599	YEL066W	-1.14045	-0.91275	-1.82445	-0.485625	0.093925
1607	YEL074W	-1.8202	-0.7255	-0.0868	0.339125	1.034966667
1609	YEL075W-A	-2.5637	-1.592175	-1.5628	-0.354825	-1.079033333
1610	YEL076C	-2.8474	-1.64605	-1.298975	-0.203925	-0.6481
1629	YER016W	-1.15875	-0.474233333	-1.29285	-0.324	-1.12085
1637	YER023W	-1.13775	-1.024675	-1.309725	-0.29335	0.156775
1640	YER026C	-0.154425	-0.086125	1.341675	1.470275	1.37545
1642	YER028C	1.643975	1.369175	-0.1535	-1.1018	-0.579425
1643	YER029C	0.830975	1.52205	0.646225	-0.760925	-0.485625
1651	YER037W	-1.559525	-0.94355	0.26275	-0.68235	0.120275
1673	YER057C	-0.5427	0.0465	-0.8847	1.658725	1.5146
1678	YER061C	-0.976225	-0.6429	-0.81345	-0.28085	0.33025
1685	YER067W	0.2357	0.5309	0.670325	1.09795	3.59645
1686	YER068W	0.7658	0.9994	0.7236	0.56145	0.878575
1692	YER074W	-1.533175	-0.52055	-1.4411	-0.127725	-0.47965
1694	YER076C	-0.853675	-0.805025	-0.689175	0.001125	-0.3659
1698	YER080W	-0.35445	-0.253825	-0.436125	0.672375	1.167525
1700	YER082C	2.753125	1.785275	1.634575	-0.572625	0.0346
1703	YER085C	-0.8262	-0.6314	-1.35035	1.12615	-0.240125
1704	YER086W	1.50605	0.432425	1.4355	0.474025	0.621875
1714	YER094C	1.222125	0.707575	1.802266667	0.7706	-0.544175
1720	YER100W	1.645133333	0.432725	1.47815	-0.024675	0.571266667
1727	YER107C	1.511333333	0.75215	1.6407	0.1468	0.315175
1734	YER115C	-1.386875	-1.01195	-1.25935	-0.4905	-0.568575
1735	YER116C	-1.05295	-0.849025	-0.7629	0.089325	-0.67195
1738	YER119C	-1.161025	-0.7784	-1.482375	1.032725	0.17815
1746	YER126C	3.020125	2.08615	2.623825	-1.65945	0.213725
1765	YER145C	-1.0918	-0.60555	-1.875775	-1.649925	-0.880733333
1773	YER153C	-0.175175	-0.521675	-0.773175	-0.4727	-0.6808
1776	YER156C	2.623733333	1.118466667	3.287175	-0.837925	0.3589
1781	YER161C	0.4423	0.90335	1.029325	0.492875	0.422325
1783	YER163C	-1.019475	-1.0475	-1.471025	0.838225	0.459875
1788	YER168C	1.7396	1.541325	1.6038	0.308125	-0.0373
1789	YER169W	1.68715	1.235275	0.5778	0.116225	0.3561
1793	YER173W	-0.810875	-0.493775	-0.122125	-0.383375	-0.045625
1794	YER174C	0.802675	1.4553	1.320375	-0.004625	0.808325
1797	YER177W	-0.1847	-0.8002	-0.811675	1.641225	0.4162
1812	YFL-TYB	-3.063225	-0.246675	-1.369025	-2.010766667	-1.507325
1815	YFL003C	0.987533333	0.427675	1.823975	-0.14175	-0.373175
1825	YFL012W-A	0.7382	-0.388	0.719075	5.266475	2.1685
1827	YFL014W	-0.55535	-0.35375	0.23815	11.607475	5.5267
1830	YFL017C	-1.901475	-1.5657	-1.8513	0.08145	-0.059625
1833	YFL019C	1.29215	0.9531	1.77075	-0.113475	0.23045
1835	YFL021W	-0.532975	-0.1086	-0.074825	3.12255	0.902125
1843	YFL029C	-0.542525	-0.594375	-0.3727	1.0204	-0.428125
1863	YFL049W	1.007075	0.70225	1.5888	0.706925	0.20035
1865	YFL051C	1.855125	0.782125	0.02995	1.41685	0.851325
1874	YFL060C	-0.9268	-0.5292	-0.81925	0.41595	-0.058025
1876	YFL062W	-1.23645	-0.903725	-0.5673	1.313075	-0.05035
1883	YFR001W	1.6688	2.383775	1.872525	-1.7123	-0.873375
1893	YFR011C	0.011375	1.4564	0.5404	0.26385	0.621825
1895	YFR013W	0.05685	0.71595	0.56045	1.03815	0.488275
1904	YFR022W	-0.879866667	-0.945925	-0.5545	-0.2426	0.316775
1917	YFR034C	-0.885125	-1.851275	0.339425	0.5653	-0.1062
1918	YFR035C	-0.882225	-0.9692	-1.58715	1.37535	0.701875
1922	YFR039C	-1.197125	-0.4619	-0.9951	-1.038825	-0.66955
1925	YFR042W	-1.0116	-1.193125	-1.363675	0.545375	0.4496
1937	YFR054C	-1.444266667	-1.0881	-1.128866667	-0.413475	-0.797275
1950	YGL010W	1.508	0.688725	1.70075	0.16065	-0.770725
1968	YGL028C	-0.3907	-0.330325	-1.59925	-0.4042	-0.682775
1969	YGL029W	2.871625	3.06085	2.637575	-2.151625	-0.74185
1973	YGL033W	1.62375	1.714375	0.9334	0.064625	0.28965
1977	YGL037C	-0.43095	-0.42535	-0.521525	6.113525	4.066825
1979	YGL039W	1.557575	0.51815	1.2956	-2.96585	-3.432125
1982	YGL042C	-1.903975	-1.1277	-1.224175	-1.369275	-0.6868
1984	YGL044C	2.46205	1.436075	1.908775	0.158175	0.5829
1986	YGL047W	-0.62505	-0.679275	-0.9841	1.6083	0.5351
1994	YGL055W	3.824775	4.3158	4.17835	-5.4776	-5.1307
1995	YGL056C	2.27795	1.3196	0.979575	-0.812525	0.02885
1997	YGL058W	1.404775	1.179675	1.438825	0.0188	0.57035
2000	YGL061C	-1.5043	-1.400266667	-1.4998	0.925675	0.2268
2001	YGL062W	0.276533333	0.20085	0.704	2.06475	2.203825
2009	YGL070C	1.2288	1.2611	1.39405	-0.127975	0.09785
2012	YGL073W	-1.230275	-1.272325	-1.50015	-0.0757	0.422675
2013	YGL074C	-0.012325	0.780633333	0.422025	0.612025	0.1868
2016	YGL077C	0.77455	0.513325	2.987775	0.539825	0.758375
2017	YGL078C	2.188225	1.8743	2.594375	-1.6443	-1.2605
2018	YGL079W	-1.635325	-1.565166667	-0.917725	0.3763	0.0181
2019	YGL080W	2.092775	2.207475	2.021825	0.24305	0.395925
2026	YGL087C	-0.67345	-0.559475	-1.06665	1.214525	0.4902
2028	YGL089C	-0.685725	-0.44055	-0.5201	-0.963225	-0.51915
2033	YGL094C	-0.837725	-0.32765	-1.104025	-0.006566667	0.161025
2035	YGL096W	-1.100725	-0.6246	-0.079675	-1.174833333	-0.758325
2047	YGL108C	-2.271433333	-1.177125	-2.131075	0.56475	0.0866
2059	YGL120C	2.17965	1.648133333	2.97885	-1.119425	-0.520125
2060	YGL121C	-0.509925	-0.4788	-0.13765	1.1971	0.3674
2061	YGL122C	1.579925	1.207666667	2.33815	-0.7895	-0.402
2073	YGL134W	-1.0441	-0.8435	-1.00545	-0.50075	-0.61895
2075	YGL136C	-3.037325	-1.951925	-3.0263	-1.233475	-1.454075
2080	YGL141W	0.111075	-0.0426	0.427925	1.181375	0.65395
2082	YGL143C	-1.3258	-0.849475	-1.3054	-0.202275	0.640075
2083	YGL144C	0.320125	0.308975	0.431975	-1.311633333	-0.655975
2109	YGL170C	2.5921	1.594	2.708725	-3.223725	-1.64235
2110	YGL171W	1.6126	1.5595	1.289675	-1.8459	-0.3479
2118	YGL179C	0.41775	0.7349	1.26095	0.35575	1.1068
2124	YGL185C	-1.928125	-1.7148	-1.06545	-0.1714	0.0785
2146	YGL207W	0.414066667	0.29385	0.8668	1.17225	0.644866667
2148	YGL209W	4.512466667	1.3518	-1.896	-0.4313	0.838933333
2150	YGL211W	0.1321	0.0408	0.54345	-1.374525	-0.562775
2159	YGL220W	-0.2162	-0.7184	-0.618525	0.858775	0.59585
2160	YGL221C	-0.987675	-0.988975	-1.6642	0.154175	0.168225
2164	YGL225W	-0.749775	-1.154775	-1.42865	0.0494	-0.500975
2165	YGL226W	0.328925	0.492	0.381375	1.21095	0.782375
2168	YGL229C	-1.801	-1.129175	-0.807875	1.191125	0.21075
2169	YGL230C	-0.0388	-0.0357	0.051825	0.534725	-0.64815
2180	YGL241W	-0.809	-0.894575	-0.464933333	7.5E-05	0.251466667
2181	YGL242C	-0.9812	-1.41625	-2.043066667	1.680725	0.4596
2185	YGL246C	2.33895	1.809225	2.4946	-0.615433333	-0.403966667
2186	YGL247W	1.32015	2.168	1.4522	-0.747475	-1.7121
2187	YGL248W	-1.902375	-1.684625	-0.846033333	0.638166667	1.5491
2190	YGL251C	-0.313466667	-0.800575	-0.501425	1.317275	0.063425
2194	YGL255W	6.4287	2.195925	4.619325	-1.6115	-1.25165
2196	YGL257C	-1.077333333	-0.171025	-1.10685	-0.948275	-1.39945
2210	YGR008C	-1.4695	-0.880325	-0.108225	5.0565	3.1476
2212	YGR010W	-1.0166	-1.437325	-0.708225	-0.016775	-0.460975
2213	YGR011W	-0.95835	-1.0526	-1.182875	-0.076725	-0.5886
2217	YGR015C	-0.772625	-0.63985	-0.5197	0.110175	-0.886125
2223	YGR021W	0.915325	1.135175	0.540525	-0.711225	-0.1953
2232	YGR030C	1.248225	1.32295	-0.833225	0.548325	-0.43145
2237	YGR035C	7.9903	5.510325	3.78175	-0.6977	-0.3351
2238	YGR036C	3.931666667	0.90265	1.4221	0.044775	-0.733675
2248	YGR046W	2.238175	1.462275	2.061075	-0.286825	-0.027225
2250	YGR048W	2.3667	1.6977	3.334175	-0.329975	-0.28875
2251	YGR049W	0.6508	0.61135	2.5585	-0.39935	0.38575
2253	YGR051C	0.371933333	0.0834	2.131975	-0.282925	0.121775
2255	YGR053C	1.0452	1.1754	1.968425	0.2649	0.677275
2256	YGR054W	1.5412	1.51745	1.98105	0.13425	0.6112
2263	YGR061C	0.3058	0.2306	0.1316	4.679	1.82325
2274	YGR072W	0.863275	0.89955	0.93325	-0.638225	-0.477275
2278	YGR076C	0.969075	0.80655	0.608875	1.61955	1.23265
2281	YGR079W	4.999066667	2.6838	1.63115	-1.030225	-1.291766667
2283	YGR081C	1.330866667	1.889175	1.43315	-0.1901	-0.041
2284	YGR082W	1.6772	1.4749	1.983075	1.026475	1.11335
2288	YGR086C	-0.403266667	-1.066875	-0.732133333	2.43995	0.85585
2290	YGR088W	-1.3484	-1.714775	-0.195333333	1.234725	0.984933333
2300	YGR098C	-0.172425	-0.840975	-0.51975	-0.065475	-0.24735
2305	YGR103W	1.49165	1.661225	1.524925	-2.761875	-0.9748
2310	YGR108W	1.388725	1.105025	2.19495	-2.586025	-0.38475
2311	YGR109C	-2.401675	-1.220375	-0.6741	0.53245	-0.1982
2313	YGR111W	-1.36895	-1.8011	-1.25325	0.816175	0.258
2317	YGR115C	-2.102675	-1.437675	-1.699925	-1.01275	-1.705275
2320	YGR118W	-0.79615	-0.34515	-1.467075	-0.04815	0.02705
2322	YGR120C	-0.625825	-0.8517	-0.72415	0.16525	-0.17495
2327	YGR125W	-0.667475	-0.434275	-0.063825	-0.0466	-0.3978
2329	YGR127W	-1.3742	-1.19545	-0.3982	1.03145	0.1642
2333	YGR131W	3.249825	3.4542	5.36695	-0.301825	-0.63325
2343	YGR141W	-0.948025	-0.421375	-1.724875	0.3549	0.28865
2345	YGR143W	0.55005	0.180725	1.375525	-0.024875	0.59455
2347	YGR145W	1.8281	1.41365	2.459675	-1.6504	-0.460225
2349	YGR147C	1.74075	0.808325	2.162525	-0.653	0.34885
2353	YGR151C	1.153525	1.91745	0.83165	0.101875	-0.24615
2354	YGR152C	1.5081	1.702425	1.158525	0.8729	0.378975
2357	YGR155W	2.1177	1.5998	2.675575	-0.6169	-0.3017
2359	YGR157W	-0.878125	-0.663	-1.09925	0.063975	-0.70025
2360	YGR158C	1.576525	1.2629	1.67525	-0.2634	1.062375
2361	YGR159C	4.070025	3.611475	4.2985	-2.900925	-0.9315
2362	YGR160W	4.10465	3.746175	4.31555	-2.858625	-0.68955
2363	YGR161C	2.949125	2.308275	0.8836	0.0954	1.1989
2367	YGR165W	1.724825	1.081525	1.770625	-0.1806	0.541866667
2376	YGR174C	1.843775	1.8003	1.871975	-0.73645	1.06735
2379	YGR177C	1.910025	1.583775	2.7519	-0.707375	-0.148675
2390	YGR188C	-1.553475	-1.2901	-1.14895	1.2995	0.23255
2397	YGR195W	1.05335	1.056	1.316775	-0.9726	-0.177175
2403	YGR201C	1.579175	1.03585	1.585275	-0.960675	-0.0078
2405	YGR203W	-1.3892	-1.269625	-1.8463	-0.17685	0.03365
2408	YGR206W	-0.786375	-0.5271	-1.458325	0.150025	-0.063025
2415	YGR213C	-1.65855	-1.375125	-1.11245	-0.825675	-1.13215
2416	YGR214W	0.054175	-0.540425	-1.070125	0.2169	0.442875
2418	YGR216C	0.68745	0.762525	1.200275	0.004225	0.0997
2433	YGR231C	1.111366667	0.778175	1.959625	1.2427	0.490375
2442	YGR240C	0.35905	0.071075	-0.306775	0.686575	1.7161
2444	YGR242W	1.396	1.5355	0.375525	0.8908	0.369325
2445	YGR243W	1.362775	1.538375	0.263225	1.142875	0.523825
2447	YGR245C	1.786825	2.134	2.240475	-1.478875	-0.603825
2450	YGR248W	-1.616125	-0.839925	0.1841	5.670225	3.59985
2451	YGR249W	-0.438725	-0.31635	0.32495	-0.2915	1.0953
2474	YGR272C	1.723325	3.32045	1.5651	-1.0439	-0.503975
2479	YGR277C	-0.544825	-0.354875	0.568925	0.561775	-0.015025
2482	YGR280C	2.384933333	0.54105	1.695375	-2.282325	-0.39215
2485	YGR283C	2.6401	0.60485	1.20595	-0.829525	-0.060875
2488	YGR286C	2.996675	2.029375	4.1299	-4.252575	-2.34165
2490	YGR288W	-0.91775	-0.204525	-0.822625	-0.342925	-0.809375
2495	YGR293C	1.651075	1.758225	1.592525	-0.28815	-0.578525
2503	YHL005C	-0.51645	-0.02345	-0.952475	-0.6649	-0.4007
2504	YHL006C	-0.470275	-1.265733333	-0.920525	0.389875	0.0238
2509	YHL011C	0.456325	-0.084325	-0.439075	-1.679975	0.872525
2510	YHL012W	3.656	2.512233333	1.522975	-1.161075	-2.4122
2512	YHL014C	0.528866667	0.2045	-0.075075	-0.97555	-1.271825
2529	YHL031C	-0.6641	-0.5881	-1.0551	1.417425	0.81445
2532	YHL034C	1.1545	0.58305	1.6014	3.05565	1.209575
2538	YHL040C	-1.227475	-0.891825	-2.274025	0.337325	-0.7654
2547	YHL049C	-1.482675	-1.101775	-1.164925	0.035225	-1.071325
2551	YHR002W	0.45855	0.48015	0.32035	-0.74385	-0.1159
2553	YHR004C	1.986325	2.472025	1.762825	-0.45835	-0.522375
2556	YHR007C	1.008225	0.4206	1.142575	-2.114675	0.081675
2557	YHR008C	0.45835	-0.22875	-0.42805	1.332	1.519
2560	YHR011W	-1.882733333	-1.446725	-0.74535	0.3086	0.163825
2566	YHR017W	1.087125	1.4378	2.61785	-0.795225	0.1085
2571	YHR022C	-1.733175	-1.081775	-1.527033333	-0.0791	-1.147233333
2573	YHR024C	1.811525	1.634175	1.883466667	-0.2753	0.3555
2574	YHR025W	-1.381033333	-0.71	-1.24215	-0.86675	-0.3515
2575	YHR026W	0.766675	-0.321575	0.5757	1.4685	-0.2754
2585	YHR036W	0.729125	0.91205	0.607675	-0.3193	-0.8111
2587	YHR038W	1.97645	0.854475	1.65435	1.124675	1.11065
2591	YHR041C	-1.5221	-1.945425	-2.193025	0.035475	-0.691225
2593	YHR043C	0.30365	0.62705	0.667375	0.973525	0.45015
2596	YHR046C	-1.979075	-1.761	-1.196075	-1.041725	-0.39545
2598	YHR048W	-0.8032	-0.699525	-0.799175	-1.8936	-2.080125
2599	YHR049C-A	2.174975	3.377625	2.4814	2.582375	0.2341
2600	YHR049W	4.468775	3.352775	3.06985	3.0229	0.86505
2602	YHR051W	0.3102	-0.069625	-0.1668	0.678666667	1.224425
2603	YHR052W	3.450925	3.298075	3.679525	-1.845625	-0.55385
2605	YHR054C	1.005	0.63085	0.44665	-1.2653	-1.04775
2616	YHR065C	0.997825	0.91365	1.3819	0.977	0.8875
2617	YHR066W	4.017233333	3.296825	2.69065	-0.971225	0.091233333
2620	YHR069C	1.7899	1.9043	1.91545	-0.554475	0.1174
2633	YHR081W	2.220325	1.8622	3.4996	-0.449525	0.29285
2636	YHR084W	0.92345	0.8453	0.77975	0.700425	0.217175
2637	YHR085W	2.720925	2.932	1.9516	-1.932525	-1.10085
2639	YHR087W	-1.3288	-0.9679	0.2235	7.50155	3.73155
2640	YHR088W	2.008325	1.7792	1.416675	-2.050925	-0.565625
2641	YHR089C	0.90715	0.851325	1.09565	-1.360225	-0.429075
2642	YHR090C	0.774325	0.549775	0.316675	-0.6183	-0.169475
2644	YHR092C	5.299425	3.352	0.12945	-2.99025	0.3013
2646	YHR094C	3.194	1.613475	-1.826025	-3.2787	-0.96375
2648	YHR096C	2.281275	1.281525	0.02465	-0.890566667	0.093375
2649	YHR097C	0.6067	0.0653	0.86485	0.32215	1.495175
2653	YHR101C	0.583775	0.3694	0.521675	-0.168975	-0.6227
2654	YHR102W	-0.3667	-0.7592	-0.764325	0.616875	0.151025
2662	YHR110W	-0.3411	-1.1336	-1.85145	1.20805	0.089975
2668	YHR116W	0.889675	0.26025	0.8801	1.385425	0.59365
2681	YHR129C	-2.0449	-0.622125	-1.973	-0.61295	-0.8784
2688	YHR136C	-1.11225	-0.5201	-0.3466	1.004075	2.50185
2694	YHR141C	-1.70665	-0.881575	-2.3217	-1.22815	-1.03845
2699	YHR145C	-3.32875	-0.216525	-1.947875	-1.986875	-2.37625
2700	YHR146W	-3.46945E-18	-1.474425	-0.68335	-1.185	0.3653
2702	YHR148W	3.70115	2.949575	3.3454	-0.4293	-0.83
2705	YHR151C	0.791275	0.41615	0.969975	-0.13235	0.2417
2707	YHR153C	-0.990125	-1.00445	-0.83635	0.0637	-0.6696
2710	YHR156C	-0.936575	-0.5431	-0.79795	2.729425	-0.131675
2716	YHR162W	1.457225	1.424325	1.463	0.17015	0.342625
2721	YHR167W	2.056233333	1.301175	1.830475	0.563175	-0.329075
2733	YHR179W	1.436975	1.266175	1.95545	0.148425	-0.452875
2741	YHR187W	0.9129	1.33725	1.15075	-0.171325	-0.22745
2744	YHR190W	1.287475	0.35215	1.4316	1.4825	1.165575
2750	YHR196W	2.85505	2.29615	1.694575	-0.3669	-0.56165
2751	YHR197W	1.17745	0.9834	1.175175	-0.289525	0.3399
2755	YHR201C	1.03675	0.778525	0.600575	0.5375	0.294066667
2760	YHR206W	2.12655	1.144325	1.138975	-0.0521	0.16765
2767	YHR213W	-0.627133333	-0.3395	-0.25455	-0.4953	-1.170925
2774	YHR218W	-4.991575	-3.755775	-2.913525	-0.3078	-1.04685
2776	YIL001W	-1.43135	-1.51795	-1.3159	0.2357	0.043575
2778	YIL003W	0.7794	0.5387	0.52235	-1.622275	-0.44735
2785	YIL010W	-0.640825	-0.739025	-0.631675	1.145825	0.038725
2786	YIL011W	0.469675	-0.481025	0.67335	2.212075	1.32795
2789	YIL014C-A	-1.595075	-1.261725	-2.388275	-1.122175	-0.28955
2791	YIL015W	-0.754425	-1.50275	-3.19095	-0.14305	0.972425
2795	YIL019W	0.8445	0.9574	0.94475	-1.458625	-1.139125
2796	YIL020C	-1.0992	-1.39745	-2.1054	-0.93815	-0.565825
2803	YIL027C	0.92465	1.21695	0.539025	0.655125	0.063225
2816	YIL040W	2.239933333	1.128075	2.0255	0.2204	0.727175
2818	YIL042C	2.321733333	0.946025	1.491425	-0.065925	0.062025
2826	YIL050W	-0.542	-0.395525	-0.67245	-1.501975	0.704
2831	YIL055C	0.718025	0.8634	0.549575	0.088275	0.029075
2832	YIL056W	2.509775	2.061025	1.658525	-0.7733	0.5686
2833	YIL057C	-0.190625	-0.08145	-0.948225	-0.042775	0.1147
2837	YIL061C	0.33885	0.611925	0.776975	-0.469125	-0.3856
2838	YIL062C	-0.83985	-0.648175	-1.5541	1.127875	0.89565
2839	YIL063C	-2.2323	-1.34165	-1.800975	-0.261075	-0.05765
2840	YIL064W	0.8748	0.611	0.8733	-2.17055	-1.010325
2845	YIL069C	-0.743475	-0.32585	-1.25895	0.27855	-0.056175
2846	YIL070C	1.303325	0.137475	1.272775	0.59495	1.454975
2848	YIL072W	-0.931075	-0.527725	-0.105975	-0.48525	-1.04265
2851	YIL075C	0.636	0.97015	0.975875	1.18635	0.45315
2866	YIL090W	1.281366667	1.3808	1.0451	-0.817825	-0.968375
2870	YIL094C	-1.3471	-1.734125	-1.790525	0.093	0.8202
2872	YIL096C	2.04625	1.94715	1.5789	-2.431425	-0.935733333
2873	YIL097W	0.959166667	0.849275	2.7583	0.26695	-0.1404
2875	YIL099W	-0.385733333	-0.646475	0.375925	1.132725	0.148875
2879	YIL103W	0.818	0.546575	1.4475	-0.8525	-0.61265
2883	YIL107C	0.950825	1.594275	1.160125	0.978925	0.832225
2886	YIL110W	0.621475	0.674925	0.86265	-1.757875	-0.91455
2887	YIL111W	-1.43835	-1.268975	-0.901275	3.53525	1.830725
2888	YIL112W	-2.052225	-0.965725	-1.069475	-0.511025	-0.361
2889	YIL113W	-2.1548	-1.818775	-1.045875	1.686725	1.384325
2894	YIL118W	3.197	2.3508	1.86795	0.271625	0.349725
2895	YIL119C	0.030525	0.10435	-0.415133333	-1.857025	-1.680575
2920	YIL144W	-0.8389	0.06925	-0.813375	0.214925	0.265033333
2924	YIL148W	-1.3816	0.253175	-2.351625	-0.437475	-0.222533333
2930	YIL154C	0.271225	0.216075	0.2543	1.399875	0.203525
2931	YIL155C	0.206125	0.3675	0.069025	1.616125	1.113075
2938	YIL162W	1.823425	1.05775	0.927425	-1.1321	0.19095
2943	YIL167W	-1.4802	-1.42885	-1.252066667	-0.379925	-0.6991
2944	YIL168W	-1.064333333	-1.0577	-0.533325	-0.04815	-0.3526
2946	YIL170W	-0.089633333	-0.13105	-0.91455	-0.94775	-0.81085
2951	YIL175W	1.2869	1.1255	1.9245	-1.217525	-1.645833333
2964	YIR011C	3.6857	1.551375	1.71165	-0.885125	-0.568175
2965	YIR012W	1.632725	1.198325	1.9879	-1.314875	-0.0268
2970	YIR017C	-0.698825	0.438575	0.709225	-0.683825	-0.029025
2974	YIR021W	2.26945	1.513775	1.317	-0.530325	-0.414433333
2979	YIR026C	3.13775	1.775675	3.068675	-2.2323	-0.684975
2982	YIR029W	-1.042175	-1.023025	-1.023125	-0.9837	-0.7441
2984	YIR031C	-1.53755	-0.755475	-0.2008	-0.753366667	-1.032575
2985	YIR032C	-0.81175	-0.86715	-0.388775	1.04785	0.3554
2988	YIR035C	-2.84745	-1.923725	-0.359575	1.199333333	1.133175
2989	YIR036C	-0.936525	-1.521125	-1.455375	1.478575	0.549675
2996	YIR043C	-1.46235	-1.52115	-0.69665	0.9558	-0.589025
3021	YJL027C	1.295525	1.1174	0.567925	-0.434725	-0.018475
3024	YJL030W	-1.626	-1.27815	-1.682625	0.469625	0.0741
3027	YJL033W	1.75295	1.818825	1.9462	-1.5064	-0.180725
3029	YJL035C	3.018225	2.1138	2.268575	-0.155233333	-0.677475
3030	YJL036W	1.77795	1.378275	2.01	0.047925	-0.009475
3061	YJL068C	-1.063225	-1.08965	-1.868725	1.99095	0.607625
3078	YJL085W	1.657475	1.02	0.6565	-0.0973	-0.12615
3080	YJL087C	0.92815	0.52415	0.6953	-0.877075	-0.316075
3083	YJL090C	0.6708	0.84085	1.0072	0.948425	-0.048075
3084	YJL091C	-1.04445	-1.0761	-1.221975	-0.19625	-0.113233333
3092	YJL099W	-1.824333333	-0.879325	-0.450425	-0.24935	0.01345
3096	YJL103C	-1.4332	-0.72705	-0.834425	-0.413275	-0.157825
3109	YJL116C	2.356275	0.302625	0.8823	-0.2153	0.3839
3115	YJL122W	2.3192	2.796675	1.9113	-1.740425	-0.74695
3116	YJL123C	-0.325075	-0.3906	-0.880725	-0.711525	-0.098825
3118	YJL125C	2.0889	1.6059	1.17535	-1.271	-0.265425
3125	YJL132W	0.86	0.842925	0.850125	-0.104875	0.5696
3126	YJL133W	1.7863	0.29555	0.16975	-0.901775	-0.976925
3127	YJL134W	-1.3964	-1.563225	-2.280625	0.61695	-0.165275
3130	YJL137C	-0.473625	-0.4391	-0.99125	0.496025	0.009225
3137	YJL144W	-2.73455	-1.319775	-0.84365	1.6058	3.48735
3140	YJL147C	1.875433333	1.857625	1.30555	-0.47065	-0.638075
3141	YJL148W	1.532525	1.486325	0.86725	-1.67635	-0.7635
3144	YJL151C	-0.970975	-1.2661	-1.587	1.1298	0.6288
3150	YJL157C	-0.204066667	-0.402575	-0.205725	0.855275	0.8428
3154	YJL161W	-0.187866667	-0.199575	0.630475	2.707925	1.311775
3157	YJL164C	-1.5166	-1.285775	-1.768	2.754925	1.341975
3166	YJL173C	-0.7768	-0.563225	-0.991125	0.62125	-0.1379
3167	YJL174W	2.295625	1.201625	1.75055	-0.063425	0.825225
3173	YJL180C	2.272825	1.2592	1.459925	-0.50665	0.039625
3175	YJL182C	2.243	3.209	2.30305	0.6228	-0.33845
3183	YJL190C	-1.0069	-0.25925	-1.64315	-0.538925	0.07285
3201	YJL208C	2.910866667	1.647333333	1.15455	-0.730475	0.6565
3205	YJL212C	0.05075	1.2198	0.15625	-1.384775	-0.775675
3211	YJL218W	-0.889225	-0.316975	-1.1148	1.88155	1.609
3216	YJL223C	1.086825	1.42215	1.693525	-0.9404	-0.3446
3222	YJR005W	-1.0213	-0.47855	-0.54325	0.6672	0.38965
3224	YJR007W	2.273275	2.05555	2.400425	0.1043	0.336075
3229	YJR011C	-1.276575	-1.0702	-0.9386	0.5871	-0.044325
3231	YJR013W	-0.3886	-1.2368	-1.327075	-0.37675	-0.382775
3242	YJR024C	-0.6033	-0.643	-1.280533333	-1.16305	-0.948
3245	YJR027W	-2.3562	-1.43485	-1.3563	-1.689125	-1.171925
3247	YJR029W	-2.959266667	-1.08935	-1.7223	-2.152025	-1.542425
3251	YJR033C	-0.8591	-1.1398	-1.300475	0.022625	-0.756933333
3262	YJR044C	-0.35685	-0.80465	-0.711	1.26345	0.528425
3268	YJR050W	-0.1866	0.429275	0.63105	-0.778125	-0.77675
3273	YJR055W	2.24535	2.03735	1.4211	-1.940425	-0.871925
3274	YJR056C	2.450025	2.22365	1.742025	-1.39575	-0.280225
3277	YJR059W	-0.9335	-0.41185	-0.211375	0.53345	0.78295
3279	YJR061W	-2.749375	-1.97995	-1.6287	-0.916925	-0.76165
3281	YJR063W	2.15965	1.693075	2.15195	-0.6473	-0.36235
3291	YJR073C	-1.119466667	-0.610525	2.891175	5.268	1.368475
3303	YJR086W	-2.686075	-1.21255	-2.63925	1.287875	1.444933333
3305	YJR088C	-0.950275	-1.114475	-1.620925	0.180175	0.636233333
3310	YJR093C	2.54785	2.201725	2.47755	-0.0113	0.1309
3311	YJR094C	-0.818825	-0.792825	-0.7658	-0.6594	-0.0255
3315	YJR097W	1.5192	1.38975	0.722575	-2.5834	-0.77315
3316	YJR098C	1.409425	1.7741	1.512325	-0.38665	-0.239125
3317	YJR099W	-0.73135	-0.7724	-0.645175	-0.112425	0.0812
3329	YJR111C	4.7372	3.1719	3.1811	-1.029825	-0.665325
3337	YJR119C	1.361325	1.362975	1.111275	-1.9135	-0.599625
3340	YJR122W	-0.90065	-0.7979	-1.332025	0.531725	0.348925
3362	YJR144W	1.298575	0.73715	1.284275	-0.243825	0.179475
3365	YJR147W	-2.241175	-2.112125	-1.77015	-1.044833333	-1.34675
3371	YJR153W	-1.25105	-0.98275	-0.629766667	-0.692275	-0.646675
3378	YJR160C	-0.203275	-0.504775	-0.82845	0.283525	0.1922
3390	YKL009W	2.152175	1.217275	3.804825	-0.422525	0.35335
3396	YKL015W	0.48045	1.074633333	1.4568	-0.283225	-0.548175
3402	YKL021C	1.105	0.547225	1.741725	-0.784175	-0.0755
3405	YKL024C	1.421	1.069475	0.8505	0.408	-0.03675
3406	YKL025C	0.802075	0.686725	1.37015	0.580775	0.52065
3408	YKL027W	1.19335	1.0006	0.454275	-0.9867	0.0061
3414	YKL033W	-0.37815	-0.601275	-0.354425	-0.432325	0.075
3416	YKL035W	-1.1417	-1.389575	-0.375575	3.1941	2.1384
3421	YKL040C	1.31395	0.889425	1.2757	0.698925	0.944875
3426	YKL045W	-0.3427	-0.3726	-0.4578	1.076325	-0.73155
3442	YKL061W	0.903066667	1.056775	3.903225	2.561025	0.39835
3448	YKL067W	-0.84285	-0.868525	-1.089525	2.4881	0.9547
3455	YKL074C	1.3506	1.5269	1.44285	-0.98765	0.314575
3459	YKL078W	1.792525	1.474475	1.697325	-2.1162	-0.834775
3463	YKL082C	2.3505	2.2971	2.31965	-1.9142	-0.050625
3465	YKL084W	-0.62725	-0.041	-1.0756	-1.04795	0.4837
3466	YKL085W	-0.208475	-1.1427	-0.77045	1.447725	1.499875
3468	YKL087C	1.3261	1.103575	1.47575	-0.053633333	0.583
3472	YKL091C	-1.380425	-1.304275	-0.8673	1.21575	0.574866667
3481	YKL099C	2.102725	3.2067	2.42655	-0.3445	-0.1462
3485	YKL103C	-0.8644	-0.831675	-0.767025	1.9686	1.010375
3492	YKL110C	1.406	0.715725	1.45985	-1.40495	-0.096575
3493	YKL111C	-3.268525	-1.064575	-4.125625	0.410225	0.19815
3494	YKL112W	-1.038975	-0.577075	-1.369625	1.012525	0.405425
3499	YKL117W	-0.00085	0.698325	0.574875	1.843625	0.6799
3502	YKL120W	-1.425025	-0.424025	-0.358175	-0.979775	0.32305
3503	YKL121W	-0.19605	-0.057425	-0.370825	0.586125	1.30345
3505	YKL123W	0.95255	2.09525	1.13475	-0.572125	-0.271775
3520	YKL138C	1.059225	1.34165	1.442275	0.255025	0.836666667
3524	YKL142W	-1.1812	-1.27795	-1.095525	2.2364	1.581525
3525	YKL143W	1.64885	1.303466667	1.046675	-1.543225	-0.43025
3526	YKL144C	-0.1133	0.0036	-0.1821	-1.19865	-0.5777
3532	YKL150W	-0.0037	-0.278575	1.575533333	1.839566667	1.953575
3537	YKL155C	1.4779	1.005833333	0.966425	0.39285	0.1122
3547	YKL166C	1.186475	1.143	0.84165	-1.059025	-0.088875
3548	YKL167C	1.011875	1.185525	0.9118	0.3328	0.6023
3550	YKL169C	2.28945	1.7391	1.5341	0.532075	1.228825
3551	YKL170W	1.548025	1.78525	1.44615	0.217175	1.2374
3552	YKL171W	-0.893825	-0.854825	-0.732725	0.1478	-0.021
3553	YKL172W	0.69485	1.274525	1.100975	-2.55915	-1.8765
3563	YKL182W	-0.7926	-0.1916	0.01895	-2.03905	-2.6606
3566	YKL185W	-1.333475	-1.422775	-1.6799	-0.029675	-0.21825
3576	YKL195W	0.94155	1.6146	1.634	0.3996	0.503725
3586	YKL207W	-0.71745	-0.887	-1.25275	-0.30195	-0.1858
3587	YKL208W	-1.20345	-0.440233333	-1.31095	0.323775	-0.11155
3595	YKL216W	0.43975	-0.002325	-0.468025	-4.4445	2.19235
3598	YKL219W	-0.92165	-0.616075	-0.592475	1.32735	0.820625
3600	YKL221W	-2.0607	-1.65085	-1.4584	-1.6832	-1.764375
3601	YKL222C	-1.470025	-1.23375	-0.5942	0.113525	-0.44795
3602	YKL223W	0.642766667	0.9123	1.358875	-1.2983	-1.667625
3607	YKR003W	-0.82785	-0.83075	-0.95305	-0.39965	-0.28405
3608	YKR004C	-1.1199	-0.6562	-1.02435	-0.87495	-0.9804
3609	YKR005C	0.470625	0.426575	0.82535	-2.42485	-1.521725
3610	YKR006C	1.2246	-0.084825	0.803025	0.5303	1.074025
3628	YKR024C	3.160233333	1.693725	1.803925	-1.038225	0.213675
3630	YKR026C	1.135533333	0.635625	0.670725	-0.0048	-0.289575
3634	YKR030W	1.6628	1.030125	1.761275	0.200075	0.370633333
3639	YKR035C	1.1298	1.5575	1.479625	0.392375	0.348375
3640	YKR036C	-0.860425	-0.164725	0.291525	-0.88155	0.198425
3641	YKR037C	-1.080075	-0.88295	0.0686	0.468325	0.343175
3643	YKR039W	1.467775	1.518275	0.872875	0.8368	1.43305
3648	YKR044W	-0.7991	-0.561475	-0.4109	-0.6092	-0.937425
3655	YKR051W	1.73955	1.357975	1.0704	-0.029925	-0.53285
3657	YKR053C	-0.966	-0.7146	-1.3224	1.336675	-1.184425
3660	YKR056W	1.814033333	1.080375	1.23115	-0.304825	-0.31395
3674	YKR070W	-0.859466667	-1.894575	-1.633775	-0.1569	-0.4688
3680	YKR076W	-0.023875	-1.255625	-1.40055	1.695225	0.5195
3681	YKR077W	-0.9813	-0.873625	-0.053675	1.4536	0.4671
3682	YKR078W	0.87095	1.154025	0.926225	-0.9876	-0.466333333
3684	YKR080W	0.998975	-0.1404	-0.799525	-1.722725	1.265666667
3685	YKR081C	3.2596	1.846175	3.41785	-2.006775	-0.48015
3691	YKR087C	1.50855	1.66785	1.78315	-0.49625	0.0839
3695	YKR091W	-0.436975	-0.13185	1.6545	0.994375	1.48985
3697	YKR093W	-0.855975	-0.968775	-0.762175	1.32265	0.840825
3703	YKR099W	1.157925	1.1008	0.535225	-0.850325	-0.52635
3704	YKR100C	1.993633333	0.645275	1.1658	-0.06995	0.00975
3722	YLL012W	2.837533333	0.783175	2.19475	-0.52535	-0.171025
3732	YLL022C	-0.251575	-0.450875	-0.84675	-0.479075	-0.680975
3733	YLL023C	0.8995	0.38005	1.564475	2.29525	1.449475
3746	YLL036C	1.51205	1.24845	1.2306	-0.373233333	-0.402275
3751	YLL041C	0.21105	0.03425	0.700675	1.28505	2.072575
3755	YLL045C	-0.815675	-0.70995	-1.1578	-0.91175	-0.314725
3760	YLL050C	0.405133333	0.249375	-0.271075	1.2637	1.23615
3770	YLL060C	-0.469666667	-0.8423	1.159575	0.409875	-0.671775
3779	YLR002C	1.5715	1.17465	2.013725	-0.84535	0.129175
3780	YLR003C	1.0147	1.26095	1.320925	-1.286275	-0.528775
3785	YLR008C	1.436625	1.686	1.314525	-0.12705	0.76895
3786	YLR009W	3.378475	3.188225	3.3736	-2.023125	-0.319275
3788	YLR011W	-0.053225	0.225325	0.0889	0.338775	0.984075
3802	YLR025W	-0.0097	-0.248125	0.30255	1.010825	0.506825
3806	YLR029C	-0.69085	-0.83285	-2.367675	-1.367733333	-0.06845
3808	YLR031W	-2.3892	-1.654666667	-1.71885	0.570225	-0.02215
3826	YLR049C	-2.00935	-1.479425	-1.7952	0.998475	0.03005
3827	YLR050C	-0.43285	-0.183625	-1.353175	1.302825	0.8315
3828	YLR051C	3.388775	2.374575	2.3131	-1.5187	0.158225
3830	YLR053C	1.144233333	0.395133333	0.68255	-2.0988	-1.0272
3835	YLR058C	1.498575	1.031625	0.02475	-1.23475	2.9831
3843	YLR066W	-1.180775	-0.5301	-1.48075	0.394425	0.279125
3844	YLR067C	1.41835	1.341525	1.08185	0.324225	-0.348525
3845	YLR068W	2.127575	2.909925	2.349975	-1.684725	-1.2926
3851	YLR074C	2.6381	2.4472	2.246975	-1.022075	-0.5871
3854	YLR077W	-0.5449	-0.504025	-0.93665	-0.291975	-0.4156
3867	YLR090W	1.298533333	0.67955	1.384425	0.3705	0.296625
3876	YLR099C	1.79395	1.07115	1.86645	-0.752333333	-0.7368
3879	YLR102C	-2.120525	-1.01385	-0.6646	-0.0411	0.023475
3880	YLR103C	-1.467725	-1.502975	-1.00775	1.07135	-0.345725
3884	YLR107W	3.026775	2.795125	1.637175	-1.5483	-0.386
3885	YLR108C	-0.96505	-1.18375	-0.771825	0.945625	-0.227375
3886	YLR109W	-1.27915	-0.318675	-0.89525	2.94925	1.733725
3889	YLR112W	-1.453725	-1.336225	-1.716975	-0.5797	-0.303625
3895	YLR118C	-0.299725	-0.5847	-0.720175	1.737525	0.4356
3899	YLR122C	1.3617	1.150525	1.079	-0.2886	0.131166667
3901	YLR124W	-0.722	-0.9418	-1.19125	-0.12495	-0.267766667
3903	YLR126C	-1.08455	-1.017	-1.227925	0.2925	-0.530566667
3905	YLR128W	-1.02935	-1.460975	-0.884925	-0.697075	-1.0684
3907	YLR130C	0.96935	0.35225	0.6407	-1.86305	-1.368275
3920	YLR143W	0.7843	1.2435	1.246725	-0.50365	0.4062
3923	YLR146C	1.340175	0.481	1.86405	-0.307	-0.558325
3924	YLR147C	0.450475	1.430875	1.0008	0.073175	0.2341
3928	YLR151C	-0.456125	-1.17795	-1.038125	1.33945	0.53
3931	YLR154C	-1.705475	-1.205275	-1.822375	0.276975	0.03535
3945	YLR168C	-0.98885	0.2332	1.5582	-0.4141	0.987075
3968	YLR191W	0.500325	0.401575	1.61285	-0.401375	0.05845
3973	YLR196W	2.103725	1.413666667	2.095125	-1.542975	-0.40645
3974	YLR197W	1.911075	1.51255	1.045975	-0.4581	-0.36055
3978	YLR201C	0.522075	0.7828	1.000225	0.3895	0.4597
3981	YLR204W	1.2899	1.289925	0.893025	0.231725	0.268725
3986	YLR209C	-0.252	-0.642375	-0.069175	0.9031	0.40725
3988	YLR211C	-1.9064	-0.850625	-0.668075	-0.79555	-0.212875
3989	YLR212C	-0.88775	-1.445525	-1.083575	0.375025	-0.448675
3992	YLR215C	2.200375	0.785275	1.648375	-0.7647	0.089825
3993	YLR216C	-0.412825	-0.748025	-0.929325	2.187875	0.7853
3998	YLR221C	2.435175	1.926675	2.814925	-0.825575	-0.956725
4002	YLR225C	3.713375	3.688675	4.543025	2.9324	1.085625
4020	YLR243W	1.582475	1.3328	0.8889	-0.341725	0.169633333
4026	YLR249W	1.103275	1.588225	1.557175	0.9862	0.896
4031	YLR254C	1.237275	1.986875	1.275025	-0.54795	-0.3784
4035	YLR258W	-0.1598	0.55355	0.820875	1.864625	1.28475
4036	YLR259C	-0.4631	-0.61265	-0.595925	1.518175	1.48675
4039	YLR262C	0.961325	1.123875	0.4091	1.10135	0.613125
4040	YLR263W	-1.438133333	-0.713325	-1.140225	0.526575	0.03185
4041	YLR264W	-1.60155	-1.731775	-2.485366667	-0.221725	-0.215775
4060	YLR283W	-0.738333333	-0.414375	-0.7785	1.2045	0.19675
4076	YLR298C	0.910425	1.906825	1.501375	-0.5699	-0.6168
4077	YLR299W	0.68665	0.811925	1.07375	0.1525	0.47555
4078	YLR300W	0.786475	1.0988	1.2393	0.188	0.1032
4081	YLR303W	-0.9962	-0.488975	-0.9528	0.44325	-0.368175
4082	YLR304C	-2.013375	-1.80925	-1.409575	0.922875	3.122
4084	YLR306W	-1.3912	-0.565075	-0.2772	1.880625	1.76465
4089	YLR311C	-0.58815	-0.7243	-0.9903	0.467425	-0.501525
4095	YLR317W	-1.2949	-0.689975	-1.0761	-0.04605	0.01485
4103	YLR325C	-1.273725	-1.254	-1.2372	-0.1941	0.710833333
4104	YLR326W	-0.847533333	-0.51895	-1.828125	1.202125	0.26115
4110	YLR332W	1.714733333	0.922733333	0.032725	0.134	0.3054
4112	YLR334C	-1.953275	2.012033333	-1.76715	-2.223675	-1.821425
4114	YLR336C	0.4651	0.6441	0.606925	-0.137075	-0.060075
4121	YLR343W	0.267833333	0.737975	0.670666667	-3.663766667	-1.792166667
4124	YLR346C	1.26065	1.631575	0.765525	-1.7467	-0.46955
4138	YLR360W	-1.9909	-1.352425	-1.7548	-1.01465	-0.647825
4139	YLR361C	-1.0723	-0.9339	-1.31815	-0.478325	-0.648125
4142	YLR364W	-0.615675	-0.308425	-0.9903	-0.4149	0.2803
4162	YLR384C	0.0126	-0.11255	0.185025	-0.751775	-0.571225
4169	YLR390W-A	0.851475	-0.060475	0.66485	1.39	1.722825
4176	YLR398C	-1.6599	-0.928675	-1.416425	-1.527375	-0.9504
4181	YLR403W	0.8294	0.433025	0.63825	0.515775	0.777925
4191	YLR413W	0.222625	-0.014	-0.8255	-3.542475	-2.15865
4211	YLR433C	0.5274	0.167175	1.2566	0.4536	0.1232
4213	YLR435W	1.176375	0.648425	1.21515	-1.26175	0.024975
4216	YLR438W	-0.852075	-0.8083	-2.02125	0.873975	2.27595
4218	YLR440C	-0.790175	-0.83775	-0.8293	0.079725	0.5416
4227	YLR449W	1.033875	1.090475	1.5119	-1.239	-1.3416
4230	YLR452C	-0.450675	-0.526125	-1.38555	-0.164725	0.385325
4232	YLR454W	-0.382625	-0.502425	-0.5059	-1.111075	-0.77325
4260	YML012W	-0.955375	-0.7553	-1.945925	1.04325	0.777825
4262	YML014W	0.997525	-0.2043	0.784375	-1.689225	-1.18585
4266	YML018C	1.59535	1.60675	1.32295	-2.315225	-0.735475
4279	YML031W	0.65685	0.655525	0.462375	-0.233475	-0.380225
4280	YML032C	0.367025	0.497175	0.8663	0.23835	-0.106475
4283	YML034W	-1.668525	-0.40825	-0.968675	-0.54835	0.056566667
4290	YML041C	1.2849	1.282	0.79675	-0.01165	0.197
4292	YML043C	1.360125	1.78735	1.012275	-0.632125	-0.857575
4293	YML045W	-1.634875	-0.8058	-1.346075	0.896375	-0.09555
4300	YML051W	-1.943266667	-1.0076	-1.54925	-0.12245	-0.703425
4305	YML056C	1.026425	0.881025	0.87705	-1.4097	-1.166425
4314	YML064C	-0.61575	-0.7934	-1.6602	0.24435	0.521175
4315	YML065W	0.1855	0.4153	-0.194466667	-0.62195	0.763933333
4317	YML067C	-0.9441	-0.9131	-1.092275	0.062025	0.04345
4323	YML073C	-0.791633333	-0.154025	-1.164275	-0.183725	-0.0613
4328	YML078W	-0.200775	-0.29605	-0.5286	1.5351	0.90895
4330	YML080W	2.956325	2.272	2.4362	-0.649575	-0.030775
4332	YML082W	1.119775	0.869025	0.282675	-0.10525	-0.28675
4354	YML101C-A	-1.087175	-1.588475	-1.045625	0.37725	-0.94055
4359	YML106W	-0.3353	-0.16105	-0.888275	-0.011725	0.587475
4361	YML108W	0.495775	1.5017	0.078175	-1.63085	0.1235
4362	YML109W	-0.653866667	-0.64525	-0.986575	-0.440125	-0.03385
4375	YML121W	1.878625	0.896775	0.392125	-0.60665	0.6631
4379	YML125C	1.379725	0.5052	1.628925	-0.153975	-1.15285
4382	YML128C	-0.881175	-0.219075	-0.0314	2.04655	0.623425
4393	YMR006C	1.108733333	0.164075	0.4244	-3.3291	-1.329875
4396	YMR009W	-2.151366667	-1.96825	-1.6294	-0.20465	0.352525
4401	YMR014W	0.943275	0.888225	0.53945	-1.55985	-0.4138
4410	YMR023C	0.5142	0.323425	0.8368	0.093625	0.05825
4411	YMR024W	0.874525	1.372825	1.39515	-0.165175	0.4295
4412	YMR025W	-1.065075	-0.529475	-0.85345	0.7079	0.7466
4414	YMR027W	-0.34115	-0.413	-0.556325	1.532375	1.2241
4420	YMR032W	-0.4413	-0.0813	0.025575	-0.0824	0.739325
4421	YMR033W	1.155725	0.9128	1.0864	0.096325	0.17455
4423	YMR035W	-2.165933333	-1.534175	-1.55695	0.402975	0.000475
4426	YMR038C	-0.86335	-1.5371	-2.143966667	-0.0288	0.1655
4427	YMR039C	1.657966667	1.390125	1.0442	-0.27555	0.6628
4437	YMR049C	2.774233333	2.27685	3.068566667	-1.694925	-1.579033333
4447	YMR058W	-1.457975	-1.455325	-3.0739	0.278775	0.009966667
4463	YMR074C	-0.13885	0.06965	-0.625975	1.997025	0.558575
4468	YMR078C	-0.88305	-1.00005	-1.099025	0.218375	-0.5419
4487	YMR096W	-2.4858	-1.641775	-0.813075	-0.608075	-0.952875
4499	YMR108W	1.27695	0.764925	2.032075	0.211225	0.9029
4508	YMR117C	-1.4038	-1.403466667	-0.9788	0.7236	-0.129175
4512	YMR120C	1.011425	-0.023375	-0.946075	-2.013825	2.508475
4518	YMR126C	1.020225	0.93625	1.39575	-0.373075	-0.4816
4519	YMR127C	-0.04845	-0.328125	-0.433275	-1.608975	-1.540475
4524	YMR132C	-0.056125	0.2038	0.169225	2.959975	1.985625
4531	YMR138W	-1.14195	-0.8154	-1.3992	-0.920575	-0.145825
4534	YMR141C	1.614866667	2.560725	1.793275	1.4258	-0.029
4544	YMR151W	1.235175	1.590133333	1.028275	0.17605	0.012375
4546	YMR153C-A	-1.504225	-2.38435	-1.9562	-0.03165	0.119275
4561	YMR166C	-0.610275	-1.037025	-1.2277	-0.5625	-0.31245
4562	YMR167W	-1.897025	-1.9664	-1.686925	-0.8508	-0.2973
4570	YMR173W-A	0.70395	0.658975	1.815525	5.208775	3.809166667
4574	YMR177W	1.0841	1.328325	1.7847	-0.100525	-0.3276
4609	YMR211W	1.50575	0.905375	0.388675	-1.40255	-0.97645
4611	YMR213W	1.04795	0.6841	0.10545	-0.6664	-0.0034
4612	YMR214W	-0.294675	-0.730275	-0.61085	-0.888075	-0.27025
4621	YMR223W	1.8481	1.36165	2.441475	-0.174875	-0.223125
4624	YMR226C	-0.231033333	-0.56455	-0.3025	1.567675	1.0376
4645	YMR246W	1.936575	1.5292	2.077625	-6.4677	-2.711075
4647	YMR250W	-1.322766667	-1.377133333	0.1939	3.494475	1.406625
4649	YMR251W-A	-1.367675	-1.566625	-0.8348	5.38205	3.291175
4663	YMR265C	0.8269	0.64505	1.176175	-0.038175	0.493125
4665	YMR267W	2.086475	1.3799	1.608275	-0.2555	0.70565
4666	YMR268C	1.115125	1.1168	1.54095	-0.063725	-0.047366667
4669	YMR271C	1.16145	0.575675	0.892775	0.152225	0.1844
4672	YMR274C	2.265533333	1.51685	1.47135	0.197875	0.128825
4688	YMR290C	1.9237	0.6373	2.3255	-1.3747	-0.05975
4695	YMR295C	0.555825	0.20815	1.2582	0.7979	1.656675
4697	YMR297W	-0.576925	-1.08325	-1.173125	1.6087	1.0425
4700	YMR300C	1.360425	1.3202	1.77745	-1.050075	0.298625
4711	YMR310C	1.210475	0.28535	0.5326	-1.007525	-0.584725
4713	YMR312W	-0.56465	-1.071275	-1.359675	-0.663025	0.21405
4716	YMR315W	-0.053525	-0.816125	-0.665225	2.8292	1.513325
4727	YMR324C	0.35805	1.388866667	1.351825	-1.3434	-1.361
4731	YNL002C	2.266466667	2.009033333	2.2945	-2.231675	-0.782925
4735	YNL006W	-0.540275	-1.4779	-0.642275	-0.0946	0.1146
4742	YNL013C	-0.78875	1.021433333	-0.649875	-1.02745	-0.6113
4744	YNL015W	-0.89455	-0.70925	-0.85505	1.94205	1.635075
4751	YNL022C	1.855325	0.687925	1.06305	-2.06265	-0.95705
4753	YNL024C	5.686625	5.02215	5.888925	-0.332175	-0.476575
4765	YNL036W	8.34955	6.2755	7.765925	7.595625	8.9009
4766	YNL037C	-1.92415	-2.181125	-2.7111	1.023475	3.41115
4775	YNL046W	-1.6673	-1.50375	-1.89255	-0.231075	-1.140475
4789	YNL061W	2.092375	1.269275	2.365225	-1.4019	0.1237
4793	YNL065W	4.349875	3.1269	1.151	-2.70895	-0.649925
4794	YNL066W	-0.74905	-1.657125	-1.31035	-2.212025	-1.603825
4803	YNL075W	2.960725	2.117125	2.11095	-2.025075	-0.33375
4806	YNL078W	0.005575	-0.528975	-1.294325	-0.2762	0.20785
4807	YNL079C	-0.564033333	-0.646125	-0.933575	0.822	0.574266667
4828	YNL100W	1.1368	1.0033	2.1271	0.39275	1.2126
4838	YNL110C	3.114466667	2.1839	2.815675	-1.164075	-0.7798
4840	YNL112W	5.27985	4.36765	4.9448	-3.673425	-4.404375
4841	YNL113W	2.0664	1.735175	1.496875	-1.222925	-0.173
4842	YNL114C	1.668525	1.264925	1.57165	-1.0368	0.2497
4847	YNL119W	2.15335	1.418475	1.5925	-0.855625	-0.295925
4851	YNL123W	0.9326	1.1663	0.86025	-0.614475	0.485325
4852	YNL124W	3.038925	2.112	1.80955	-0.80135	0.1804
4879	YNL151C	1.526225	1.099175	1.2348	-1.62845	-0.275775
4881	YNL153C	1.075375	0.83855	1.1385	-0.53865	0.460225
4884	YNL156C	1.221675	0.1237	0.93565	0.636775	0.149025
4887	YNL159C	-1.3401	-1.9178	-1.30785	-0.049625	0.166325
4888	YNL160W	-1.382675	-1.8437	-0.209375	5.15815	2.205525
4892	YNL164C	1.450625	1.0053	0.64595	-0.81075	0.133175
4894	YNL166C	-0.5873	-0.7352	-0.2613	0.72195	1.110525
4896	YNL168C	-0.978175	-1.707925	-1.95245	-0.359175	0.734175
4897	YNL169C	0.200125	-0.342075	1.1607	0.234233333	-0.97245
4901	YNL173C	1.123633333	0.423625	0.28125	2.250966667	1.2633
4902	YNL174W	1.1912	1.203625	1.43165	-3.1685	-2.277725
4905	YNL177C	1.23665	0.915275	1.1142	0.31415	0.218725
4906	YNL178W	-0.64695	-0.58955	-2.258575	0.25105	0.47085
4919	YNL191W	1.118133333	0.0189	1.17725	-1.18985	-0.267675
4928	YNL200C	-0.346375	-0.65905	-1.09065	2.53	1.737575
4931	YNL203C	1.213825	0.567025	0.948766667	0.171775	-0.244175
4932	YNL204C	1.91075	1.3217	1.765725	-1.12185	-1.195775
4933	YNL205C	1.674325	1.61065	1.483775	-2.3133	-1.073925
4935	YNL207W	1.95995	1.56265	1.388575	-1.0605	-0.19715
4936	YNL208W	-0.575125	-1.15185	-0.815	2.549925	2.768025
4939	YNL211C	0.68165	1.320825	0.512425	-0.6928	0.4127
4941	YNL213C	1.86535	1.5174	1.3981	-0.628525	-0.0032
4962	YNL234W	3.6424	2.7367	2.7386	-1.324875	0.121725
4968	YNL240C	1.4541	0.66575	2.434475	-0.84265	-0.604425
4976	YNL248C	1.478625	1.1247	1.80875	-1.7084	-0.8532
4977	YNL249C	-2.05225	-1.168975	-1.96875	-1.043725	-1.142075
4979	YNL251C	3.1419	1.623775	2.573925	-0.31595	-0.335775
4983	YNL255C	1.933525	1.58845	1.8845	0.483775	0.3826
4991	YNL263C	0.588675	-0.062025	0.617325	1.28745	0.262975
4996	YNL268W	0.983125	0.8313	0.493975	-0.34985	0.289925
5003	YNL275W	1.302075	1.562525	1.9146	0.872125	-0.08225
5009	YNL281W	-1.1979	-1.012566667	-1.460675	0.507125	-0.21215
5012	YNL284C	1.7823	0.70305	1.2434	0.285225	0.7943
5014	YNL286W	-0.78425	-0.493725	-0.818125	0.0632	-0.0548
5015	YNL287W	0.7079	0.983875	0.64965	0.9875	1.3163
5016	YNL288W	1.3295	0.638925	1.000325	0.80985	0.40725
5023	YNL295W	0.7848	0.134125	0.63595	-0.7015	-0.14545
5031	YNL303W	-2.545625	0.291075	-2.0801	-0.74965	-1.826725
5032	YNL304W	-1.682175	-2.132025	-0.919925	-0.064	-0.419025
5033	YNL305C	-1.9601	-2.424525	-1.35275	1.014025	1.21885
5036	YNL308C	0.977075	1.080675	0.915925	-2.2486	-0.712825
5038	YNL310C	-1.5136	-1.16025	-1.42685	0.41365	-0.08885
5040	YNL312W	-0.711225	-0.725225	-0.95775	1.4577	-0.300825
5045	YNL317W	1.80955	0.70705	1.10215	-0.035675	0.04625
5071	YNR004W	0.9136	1.564925	1.54445	-0.6113	0.07185
5073	YNR006W	0.791725	0.96955	1.2674	0.505675	0.701175
5075	YNR008W	1.3994	1.594033333	1.064575	0.1468	0.6445
5079	YNR012W	0.714575	0.7498	1.182475	-1.142666667	-0.428333333
5082	YNR015W	1.713875	1.2162	1.306925	-1.618775	-0.551425
5085	YNR018W	2.265225	1.749833333	1.8725	-1.08565	0.704475
5091	YNR024W	1.7334	1.681575	1.2335	-1.243075	-0.1871
5094	YNR027W	1.0324	0.49445	0.754	-0.677575	-0.55955
5095	YNR028W	1.664975	1.3534	1.63025	0.0228	0.692475
5096	YNR029C	1.59055	1.4421	1.112266667	0.076266667	0.524966667
5102	YNR035C	0.00875	-0.803925	-0.697075	1.294	1.2024
5121	YNR054C	1.1821	1.743275	1.2046	-1.6366	-0.53715
5131	YNR064C	-1.955375	-2.348266667	-2.3633	-1.50665	-0.7115
5138	YNR071C	1.27545	1.00905	0.9254	-0.176325	-0.3348
5145	YOL001W	1.053275	1.330725	1.6772	-0.57955	-0.247275
5146	YOL002C	5.3416	4.86975	4.99875	-4.025975	-2.646275
5171	YOL027C	1.555125	0.542025	2.102525	-0.7271	-0.245866667
5176	YOL032W	-2.49285	-2.318025	-0.9903	1.46685	2.552375
5180	YOL036W	0.027375	-0.133425	-0.834675	-3.19135	1.609975
5182	YOL038W	0.7462	0.4828	1.17255	1.359175	0.04275
5185	YOL041C	2.354075	2.027875	1.81235	-1.63375	-0.2174
5211	YOL066C	-0.933266667	-1.38035	-0.598275	-0.0035	-0.02625
5216	YOL071W	0.138333333	-0.686475	0.506	1.276025	1.757125
5221	YOL077C	1.46175	0.8342	1.621975	-1.339375	-0.2556
5223	YOL079W	2.41025	2.7675	3.051325	-1.5029	-0.313625
5224	YOL080C	2.8824	3.060725	3.67405	-1.24655	-0.62895
5226	YOL082W	-0.822475	-1.171725	-0.819825	1.9365	1.7589
5227	YOL083W	-0.823925	-0.646775	-0.330075	1.0418	0.34355
5245	YOL101C	5.6284	4.5876	3.471733333	-5.583125	-3.739875
5253	YOL109W	-4.602125	-4.46805	-3.095975	0.6271	1.251733333
5254	YOL110W	-1.248825	-1.494375	-1.877033333	0.714325	-0.284633333
5266	YOL122C	-0.58345	-0.813175	-0.49725	0.37135	1.2965
5267	YOL123W	2.402375	2.122275	3.639475	-2.275625	-0.3371
5268	YOL124C	2.93185	2.701825	1.95445	-2.1498	-0.403225
5269	YOL125W	0.65515	0.33855	0.8138	-1.195025	-0.379025
5273	YOL129W	-0.7263	-1.151875	-1.2418	2.43355	0.90785
5278	YOL134C	0.546825	1.22105	0.465775	0.51365	-0.046625
5279	YOL135C	-0.705475	-1.067825	-0.756275	0.100333333	0.510425
5280	YOL136C	4.7324	2.79325	0.377175	-0.066075	0.278275
5284	YOL140W	-0.57015	-0.5889	-0.56105	-1.954425	-1.33455
5286	YOL142W	2.1374	1.86785	2.276325	-1.048225	-0.4972
5290	YOL146W	-0.391875	-0.84295	-1.197425	0.261675	0.0849
5294	YOL150C	-1.092725	-1.159375	-0.660275	2.42445	0.144975
5313	YOR003W	2.35585	1.897625	0.990225	-0.455225	-0.747275
5314	YOR004W	2.72435	2.091175	2.96105	-2.7832	-1.134275
5316	YOR006C	0.925025	1.58795	0.2256	-0.98445	-0.051825
5318	YOR008C	2.218	1.69275	1.83075	0.5607	0.3633
5319	YOR009W	2.1337	1.911675	1.766725	0.9703	-0.223875
5320	YOR010C	1.5298	1.058475	2.102625	2.5279	-1.58535
5330	YOR020C	-1.39745	-1.460475	-2.10955	0.9926	0.697325
5333	YOR023C	0.882875	0.42275	0.940375	-0.1109	0.00805
5346	YOR036W	-1.132566667	-0.944025	0.08405	0.262625	2.2728
5350	YOR040W	2.846333333	1.351575	1.679666667	2.05445	1.252533333
5366	YOR056C	2.28655	1.328575	2.105125	-1.348675	-0.6683
5367	YOR057W	-1.025625	-0.76445	-0.877425	-1.302625	-0.38985
5368	YOR058C	0.748775	0.872275	0.48225	-0.7789	-0.32375
5369	YOR059C	-1.749325	-1.3791	-1.050775	-0.4888	-0.277525
5371	YOR061W	2.2753	1.820575	1.9974	-0.262725	0.036
5372	YOR062C	1.4561	1.8154	1.0427	-0.979425	-0.3754
5375	YOR065W	-0.109675	-0.871625	-0.427	1.125775	1.786075
5376	YOR066W	-0.65495	-0.182475	-0.3606	-0.132075	-0.612975
5398	YOR089C	1.541	0.962433333	0.943533333	-0.1872	0.204625
5410	YOR101W	3.76085	2.73445	2.239925	-2.458375	-1.137125
5415	YOR106W	1.06085	1.28645	1.079875	-0.7832	-0.285375
5416	YOR107W	3.14535	3.17115	2.799175	-1.2531	0.119525
5429	YOR120W	1.74735	1.06785	1.2101	0.556375	0.306825
5433	YOR124C	-1.354775	-0.7665	-1.2856	-0.068675	-0.5343
5436	YOR127W	0.5057	0.907866667	0.737866667	0.61315	0.183875
5437	YOR128C	0.840025	0.509225	-0.05215	0.07985	1.062766667
5451	YOR142W	1.135525	0.282	-0.0351	1.76125	0.994825
5453	YOR144C	-0.6295	-0.470575	-0.611825	0.570775	-0.079075
5454	YOR145C	2.43465	1.55515	1.82615	-1.642425	-0.669575
5455	YOR146W	1.392175	1.97165	1.9065	-1.230725	-0.233025
5456	YOR147W	1.629925	1.711925	1.476625	-0.271025	0.3271
5462	YOR153W	-0.954175	-0.492125	-1.284875	-1.2752	-0.73015
5463	YOR154W	1.1504	0.99745	1.201625	-1.128175	-0.271925
5464	YOR155C	1.2129	1.0723	0.9734	1.302025	1.14625
5467	YOR158W	1.615625	1.490625	1.2094	-0.087	0.373875
5470	YOR161C	-1.001475	-1.1256	-0.90995	2.30145	1.59685
5483	YOR174W	0.529325	0.8772	1.100825	0.264833333	0.0375
5484	YOR175C	1.35945	1.00475	2.105625	-0.743075	-1.1389
5485	YOR176W	1.265475	0.663525	0.690825	0.087966667	0.3468
5494	YOR185C	-0.033133333	0.346033333	-0.4592	3.5266	2.20225
5503	YOR194C	0.773925	1.461733333	1.112875	0.163925	0.276625
5505	YOR196C	0.319375	0.4563	1.500025	-0.411725	-0.1001
5508	YOR199W	0.0626	1.69265	0.870275	-1.3148	-0.859475
5510	YOR201C	1.5063	0.6983	1.620175	-0.691575	-0.0443
5513	YOR204W	1.554625	1.846725	2.564275	-0.235125	0.811875
5515	YOR206W	1.246	1.906875	1.27185	-1.7464	-1.24865
5521	YOR212W	1.324725	1.280975	0.94735	-0.491925	0.094125
5522	YOR213C	1.293125	0.6924	0.816875	-0.8475	-0.593
5523	YOR214C	1.924275	1.5284	1.529325	0.4658	-0.34095
5524	YOR215C	1.18985	0.679125	0.8737	1.539775	1.6776
5529	YOR220W	-2.993725	-2.238725	-0.593525	2.1506	2.4018
5546	YOR237W	2.2899	0.418825	2.777025	0.77955	0.5303
5549	YOR241W	0.27125	0.06855	0.512825	-0.91055	-0.2216
5550	YOR242C	0.550333333	1.1238	1.920133333	-0.8909	-0.900925
5560	YOR252W	1.753825	2.04095	2.108475	-1.47825	-0.418125
5561	YOR253W	-0.827275	-0.879225	-1.562075	-0.077075	0.273875
5566	YOR258W	0.2567	1.411125	0.663	-0.573475	-1.223625
5570	YOR262W	1.58295	1.530825	2.0086	-1.138875	-0.28895
5571	YOR263C	-0.878875	-0.648375	-0.955825	0.278175	-0.553375
5572	YOR264W	-1.0487	-1.2354	-2.273075	0.626025	-0.452275
5575	YOR267C	0.352233333	0.3255	1.096366667	0.98895	2.185566667
5577	YOR269W	1.451133333	0.786575	0.77435	-1.054775	-0.7274
5579	YOR271C	1.7666	0.6268	0.848775	0.033275	-0.266066667
5580	YOR272W	2.5557	1.9182	1.6748	-0.9188	-0.14545
5581	YOR273C	-0.633275	-0.74495	0.100175	1.859575	1.644566667
5582	YOR274W	1.06905	1.151	1.9173	-0.4373	0.747133333
5591	YOR283W	2.371966667	0.61725	1.4456	-1.04705	0.005225
5592	YOR284W	0.2462	-0.166075	-0.92465	0.875125	0.222025
5593	YOR285W	-1.1744	-0.964525	-1.517925	2.840575	1.20805
5595	YOR287C	4.1603	1.85665	2.070525	-1.876125	-0.6123
5597	YOR289W	-0.112875	-0.007725	0.705575	3.38605	2.636133333
5602	YOR294W	2.583733333	1.380466667	3.0666	-2.16295	-0.1679
5609	YOR301W	-2.03595	-1.678075	-1.359275	-0.168525	-0.59685
5610	YOR302W	2.6983	2.453966667	1.673375	0.253825	0.515025
5611	YOR303W	3.039175	3.10955	2.74085	-0.0192	0.9665
5615	YOR306C	1.896675	1.15485	0.577375	-0.988425	-0.5573
5616	YOR307C	-1.015425	-0.98435	-1.588825	-0.57855	-0.5465
5618	YOR309C	-0.676625	0.9336	-0.36305	-2.301175	-2.00345
5619	YOR310C	1.625075	1.45335	1.121675	-1.238275	-0.49275
5624	YOR315W	-0.98655	-1.6256	-1.855833333	-1.339775	0.15155
5640	YOR331C	-0.1671	-0.17855	-0.3644	1.215025	0.607125
5647	YOR338W	3.682375	2.2302	0.211325	-1.285075	-0.241325
5648	YOR339C	3.738825	4.177866667	3.403275	-1.32085	-0.444825
5649	YOR340C	1.463325	1.880325	0.99995	-1.758725	-0.274425
5651	YOR342C	2.5673	2.100275	0.879575	-0.07545	-0.123175
5653	YOR344C	1.1611	0.50915	-0.33125	1.46525	2.204325
5664	YOR355W	-1.639275	-2.03415	-3.233925	-0.3527	-0.463675
5666	YOR357C	-1.1424	-1.04825	-1.41075	1.358125	0.9229
5668	YOR359W	2.472775	1.34765	0.8902	0.109275	-0.21395
5669	YOR360C	3.559775	2.62425	1.5145	-0.00265	0.1811
5676	YOR367W	-1.28405	-1.33165	-1.6103	0.669425	-0.151225
5683	YOR374W	1.992125	0.884075	0.258775	5.341433333	4.99855
5686	YOR377W	0.60075	0.5774	1.1835	-2.72905	-1.799625
5691	YOR382W	-1.4882	-0.3077	-2.42565	4.166375	2.2926
5693	YOR384W	-1.063525	-0.52995	-1.179725	0.56815	-0.401875
5704	YPL001W	1.33975	0.954725	0.82405	0.513375	0.338575
5707	YPL004C	1.0806	0.277175	0.95175	2.68525	2.565525
5710	YPL007C	-0.582425	-0.57475	-0.727925	0.2594	-0.34035
5714	YPL011C	0.79145	0.33245	0.548625	-0.15045	-0.530075
5715	YPL012W	0.183375	1.307275	1.39755	-1.1501	-0.68455
5730	YPL027W	2.484533333	1.596075	1.093425	-0.258933333	-0.82915
5734	YPL031C	-0.573566667	-1.158675	-2.149375	1.168125	0.664975
5742	YPL039W	0.91865	0.215075	0.7702	-0.6811	-0.508775
5745	YPL042C	2.518725	1.592375	1.91355	-0.20585	-0.65645
5746	YPL043W	2.119625	1.0684	2.611675	-1.3328	-0.813075
5747	YPL044C	2.69225	1.367025	2.143175	-0.122475	-0.05755
5750	YPL047W	0.588725	1.1475	0.557975	-0.39985	-0.0588
5751	YPL048W	-0.4227	-0.78045	-0.6486	0.45315	0.97025
5752	YPL049C	1.404375	0.7651	0.662525	-1.28445	-0.1731
5754	YPL051W	1.68775	2.152125	2.32635	0.113525	0.35115
5755	YPL052W	2.5886	3.0278	3.215025	-1.037775	-0.1599
5756	YPL053C	0.6241	0.36855	1.21905	-0.308075	0.74125
5761	YPL058C	-1.96435	-0.186325	-1.454925	-2.00235	-1.6402
5764	YPL061W	2.7986	1.3375	-1.4228	3.7476	1.473725
5766	YPL063W	1.046025	0.4914	0.5833	0.1782	1.051533333
5768	YPL065W	-1.28905	-0.7677	-1.55055	0.361525	0.531366667
5771	YPL068C	1.989275	0.94235	1.765925	-0.831025	-0.7179
5772	YPL069C	3.0626	2.6751	2.72575	-0.395175	-0.402233333
5773	YPL070W	1.980125	2.9047	2.12645	0.2575	0.00565
5775	YPL072W	0.8123	1.096275	0.544525	-0.306375	0.1677
5778	YPL075W	-2.611966667	-1.91905	-1.23245	0.337325	1.112733333
5780	YPL077C	-1.637166667	-1.36565	-0.707575	0.696675	0.15205
5789	YPL086C	2.014325	0.653025	1.9611	-1.385675	0.0716
5791	YPL088W	2.87885	1.83425	3.6121	0.0863	0.668125
5796	YPL093W	2.65835	1.42925	3.676725	0.15715	-0.74595
5797	YPL094C	1.2839	0.63345	0.55715	-0.70215	-0.1242
5801	YPL098C	-0.830775	-1.102875	-1.156275	0.770975	0.410625
5804	YPL101W	0.548525	0.533625	0.9595	-0.224925	-0.24055
5806	YPL103C	-0.75705	-0.516	-0.209575	0.34115	-0.210875
5807	YPL104W	0.810975	0.287575	-0.07515	0.8792	0.55855
5808	YPL105C	1.2242	0.99605	0.468	-0.518775	-0.78875
5810	YPL107W	1.079275	1.08725	0.91035	0.009425	0.0853
5811	YPL108W	0.87505	0.904375	0.63045	-0.458225	-0.0177
5812	YPL109C	1.139	0.13535	-0.92125	1.924375	0.510825
5814	YPL111W	-0.86075	-1.5301	-2.010875	0.850125	1.334466667
5821	YPL118W	2.317266667	1.744175	2.0058	-0.089675	0.906
5823	YPL120W	-2.351625	-0.741275	-1.103266667	0.049566667	0.529733333
5827	YPL124W	-0.7052	-0.6311	0.134666667	0.95895	0.005825
5842	YPL139C	0.455875	0.913975	1.06545	0.21645	0.223475
5845	YPL142C	-0.83195	-0.065866667	-1.12665	-0.283175	-0.112975
5847	YPL144W	-1.485175	-1.352333333	-1.26955	0.5997	0.0045
5849	YPL146C	2.64685	1.979775	2.0238	-1.33705	-0.7898
5857	YPL154C	0.644466667	-0.161625	0.691	4.435533333	1.816325
5860	YPL157W	1.499075	0.863275	0.448475	0.616525	-0.181775
5861	YPL158C	-0.995375	-0.95145	-0.893425	1.326675	0.1868
5862	YPL159C	3.802825	2.4034	1.49855	0.137675	0.438225
5866	YPL163C	0.54745	0.090375	0.4881	2.1901	1.06365
5869	YPL166W	4.1451	4.576	2.833925	1.77945	3.001475
5881	YPL178W	1.6706	0.9799	1.405475	0.21005	0.38855
5888	YPL185W	1.57575	1.23145	2.454375	-0.510175	-0.443875
5896	YPL193W	2.175975	1.79595	1.956025	-0.80275	-0.54045
5897	YPL194W	-0.85515	-0.724975	-0.90395	0.474225	0.3289
5899	YPL196W	-1.781675	-1.504625	-1.596475	0.9714	0.420775
5902	YPL199C	-1.66455	-1.2475	-2.301275	0.058225	0.221875
5907	YPL204W	1.7407	0.96345	1.064125	-0.7587	-0.84375
5909	YPL206C	-0.20725	-0.302275	-0.669675	0.512833333	1.051375
5914	YPL211W	1.931075	1.811575	1.83075	-1.81575	-0.40585
5915	YPL212C	1.88245	1.114125	1.9526	-0.347975	-0.34045
5916	YPL213W	0.887825	0.849475	0.673525	0.2872	0.174825
5938	YPL235W	2.930433333	1.0641	2.63765	0.73075	0.7694
5942	YPL239W	0.557675	0.42115	0.8404	-0.59135	0.4842
5943	YPL240C	-2.13255	-1.449325	-1.5374	-0.338775	-0.074375
5944	YPL241C	-1.749925	-1.4291	-1.241925	0.639775	0.294425
5948	YPL245W	2.350925	2.314825	2.647275	-0.1196	-0.905725
5956	YPL253C	-1.029325	-0.9346	-0.24895	-0.938825	-0.25975
5957	YPL254W	2.816766667	2.074925	1.812525	0.606175	0.0208
5969	YPL266W	1.282	0.799766667	1.4264	-0.976375	-0.714066667
5980	YPL277C	0.80275	0.044275	0.972675	1.038675	-0.14725
5982	YPL279C	1.2288	0.73215	1.2598	-0.4528	-1.782025
5992	YPR006C	-0.464266667	-0.2132	-0.42255	0.7274	0.5488
5994	YPR008W	1.8159	1.434425	0.931125	-0.1409	0.403925
5995	YPR009W	2.0357	1.98905	1.232475	-1.097175	-0.087825
6001	YPR015C	1.4388	1.167675	0.87545	-0.508925	-0.316425
6002	YPR016C	1.718575	1.367225	2.206	-0.67755	-0.31115
6006	YPR020W	0.7474	0.747566667	1.264766667	0.681433333	1.586575
6014	YPR028W	0.487433333	0.837933333	0.277	-0.3763	0.539833333
6018	YPR032W	2.080833333	0.971966667	1.611866667	0.4978	-0.644666667
6033	YPR047W	0.680175	1.02925	0.878125	-0.35955	0.089775
6036	YPR050C	1.44965	0.8788	1.704425	0.37525	0.355675
6037	YPR051W	1.32895	1.4686	1.396575	0.691325	0.7656
6042	YPR056W	0.5531	0.6573	0.676075	-0.1847	-0.033775
6046	YPR060C	2.319125	2.027475	1.824225	-0.304225	0.115825
6047	YPR061C	2.2479	0.997825	0.43435	-0.275833333	-0.021225
6060	YPR074C	0.915733333	0.555275	0.800475	0.39965	0.6129
6075	YPR089W	-0.4331	-1.0132	0.048325	0.380675	0.3348
6083	YPR098C	-0.54785	-0.839825	-1.0162	2.4659	0.888125
6097	YPR112C	0.6028	0.9786	0.71975	-0.49205	-0.134325
6099	YPR114W	0.738925	0.471075	0.321625	-1.42045	-0.618975
6111	YPR126C	2.2242	2.50555	2.123125	0.4868	0.951266667
6122	YPR137W	2.238	1.247725	1.363775	-0.924825	-0.25445
6127	YPR142C	1.24815	1.785375	3.122475	-0.6395	-0.605825
6128	YPR143W	3.5422	2.98655	2.786575	-1.5636	-0.96585
6132	YPR147C	-0.531366667	-0.032466667	-1.48745	-1.122925	-0.6099
6134	YPR149W	-2.787566667	-1.457433333	-1.879575	2.11975	2.536175
6136	YPR151C	0.574233333	0.330325	0.7751	0.704	0.1752
6139	YPR154W	-0.72745	-0.8563	-0.316825	0.485466667	1.385725
6152	YPR167C	1.56875	1.472225	3.6667	0.726933333	0.157525
6161	YPR176C	-0.2549	-0.84925	-1.258233333	-0.3166	0.1929
6170	YPR185W	-0.0794	-0.39405	0.18445	1.404266667	0.28125
6171	YPR186C	1.05995	0.810825	0.771075	-0.617625	-0.5559
6175	YPR190C	1.383425	1.5904	1.197725	-1.29565	0.032175
6178	YPR193C	-1.3556	-1.4128	-0.758666667	-0.37155	-1.63565
6181	YPR196W	-1.40025	-1.54215	-0.52725	-0.411625	-0.210425
